#! FIELDS time phi metad.bias
#! SET min_phi -pi
#! SET max_phi pi
 0.000000 3.070553 0.000000
 1.000000 3.071210 0.000000
 2.000000 1.662223 0.000000
 3.000000 1.552385 1.142341
 4.000000 1.172820 1.059611
 5.000000 -3.099411 1.139517
 6.000000 2.851647 1.687561
 7.000000 3.129462 3.030502
 8.000000 2.830516 3.309674
 9.000000 3.135209 4.590762
 10.000000 2.771519 4.359691
 11.000000 -2.861458 3.503907
 12.000000 -2.652997 2.421000
 13.000000 2.931247 6.595111
 14.000000 2.871593 6.928810
 15.000000 -2.953907 6.635925
 16.000000 0.902355 1.126574
 17.000000 1.465817 3.163633
 18.000000 2.867449 7.881745
 19.000000 3.087735 9.270251
 20.000000 1.386120 4.101816
 21.000000 1.044292 3.661423
 22.000000 1.009501 4.346792
 23.000000 1.192991 5.996414
 24.000000 2.132531 1.764809
 25.000000 -2.962466 8.158105
 26.000000 -2.672544 4.965076
 27.000000 3.053904 10.605175
 28.000000 -3.131321 11.011139
 29.000000 -0.893089 0.000000
 30.000000 -1.188041 0.841332
 31.000000 -0.972011 2.097041
 32.000000 -0.776425 2.564570
 33.000000 -1.889291 0.402341
 34.000000 2.788413 9.220500
 35.000000 -2.909587 9.690712
 36.000000 -2.541866 4.863154
 37.000000 -2.728877 8.259677
 38.000000 -2.718010 8.722304
 39.000000 -2.910229 11.771931
 40.000000 -0.525963 2.086231
 41.000000 -1.043944 4.249127
 42.000000 -1.513222 2.432581
 43.000000 -1.554641 3.241317
 44.000000 -1.428613 4.688418
 45.000000 -1.393578 5.651908
 46.000000 -1.147927 6.871744
 47.000000 2.535749 5.956047
 48.000000 1.926192 3.687850
 49.000000 1.231073 6.967976
 50.000000 1.279381 7.723854
 51.000000 -3.025429 13.266496
 52.000000 -1.251416 7.467235
 53.000000 -1.575009 6.262858
 54.000000 -1.574370 6.994418
 55.000000 -1.824260 5.320526
 56.000000 -2.577015 7.858344
 57.000000 -2.998253 13.808913
 58.000000 1.107864 7.723728
 59.000000 1.199013 8.821876
 60.000000 1.449377 8.877885
 61.000000 0.852137 6.197201
 62.000000 2.855719 12.166263
 63.000000 -2.539960 8.127324
 64.000000 2.398882 5.525055
 65.000000 2.681024 10.282493
 66.000000 0.823868 6.515975
 67.000000 1.388336 10.238381
 68.000000 0.952186 9.206411
 69.000000 2.124896 5.076556
 70.000000 -2.901914 13.983564
 71.000000 -1.687092 7.437657
 72.000000 -2.950649 14.848772
 73.000000 -2.662186 11.281508
 74.000000 -1.933861 6.001512
 75.000000 -3.028922 16.037809
 76.000000 1.517235 10.032333
 77.000000 1.157331 11.852051
 78.000000 1.013812 11.122081
 79.000000 1.954507 6.530803
 80.000000 -1.622497 9.114308
 81.000000 -1.356819 10.290614
 82.000000 -0.847496 7.193422
 83.000000 -1.140224 10.340989
 84.000000 -2.255151 6.510087
 85.000000 1.996303 7.020805
 86.000000 2.360107 7.732892
 87.000000 -2.556367 10.738670
 88.000000 -2.822551 15.091133
 89.000000 -0.677775 6.159562
 90.000000 -1.185841 11.363548
 91.000000 2.657709 11.561758
 92.000000 0.761063 7.572388
 93.000000 1.329456 13.089129
 94.000000 1.284452 13.668786
 95.000000 0.558455 4.748736
 96.000000 0.495023 4.580347
 97.000000 1.012279 13.341077
 98.000000 1.010416 13.734166
 99.000000 2.882922 15.164543
 100.000000 2.739993 13.549405
 101.000000 2.794617 14.743377
 102.000000 -1.794674 9.166556
 103.000000 -1.444834 12.177676
 104.000000 -2.252557 7.933648
 105.000000 -1.243410 12.565959
 106.000000 -1.120758 12.354135
 107.000000 -1.120235 12.796066
 108.000000 -2.849982 16.178127
 109.000000 -3.124975 18.104361
 110.000000 2.401842 9.657149
 111.000000 2.381193 10.002892
 112.000000 1.322998 14.618294
 113.000000 3.035736 18.196608
 114.000000 2.993679 18.223574
 115.000000 -0.821013 9.803475
 116.000000 -1.057739 13.151654
 117.000000 -1.257417 14.466864
 118.000000 -2.508885 11.658950
 119.000000 1.046486 14.733890
 120.000000 -2.372996 10.206508
 121.000000 -2.680003 15.255434
 122.000000 2.700614 15.006989
 123.000000 1.250231 15.646263
 124.000000 2.637216 14.391668
 125.000000 3.011340 19.221489
 126.000000 2.620345 14.650180
 127.000000 -2.151086 9.158721
 128.000000 -2.059082 9.670366
 129.000000 -1.190716 14.750078
 130.000000 0.229825 2.484533
 131.000000 1.610317 12.274406
 132.000000 0.904609 13.754782
 133.000000 3.028494 19.762290
 134.000000 1.132943 16.497020
 135.000000 1.804616 10.605271
 136.000000 1.066968 16.486125
 137.000000 0.645301 9.686333
 138.000000 1.121861 17.381298
 139.000000 1.243449 17.669549
 140.000000 0.217456 3.726663
 141.000000 -1.398931 15.008460
 142.000000 -1.244929 15.582622
 143.000000 -0.874649 12.255229
 144.000000 -1.534791 14.806169
 145.000000 1.333587 17.369655
 146.000000 -1.711445 13.280277
 147.000000 2.458459 12.726769
 148.000000 2.979160 19.883257
 149.000000 -1.644477 14.441914
 150.000000 -1.283245 16.889212
 151.000000 -2.711795 16.585670
 152.000000 -2.755916 17.514082
 153.000000 -2.767429 17.963191
 154.000000 1.184531 18.374891
 155.000000 1.388711 17.329400
 156.000000 -0.734584 10.358899
 157.000000 -0.926708 14.317061
 158.000000 -1.378903 17.366541
 159.000000 2.813285 18.662514
 160.000000 1.581868 14.795649
 161.000000 2.857102 19.478159
 162.000000 3.011962 21.044558
 163.000000 -2.970126 20.699198
 164.000000 -3.111171 21.670481
 165.000000 2.920392 20.891223
 166.000000 -1.344850 17.785774
 167.000000 1.747110 12.697798
 168.000000 -2.496810 14.366446
 169.000000 -1.122373 17.457582
 170.000000 -2.185201 11.358372
 171.000000 -2.063149 11.761701
 172.000000 2.887479 20.778717
 173.000000 0.779974 13.785546
 174.000000 1.365829 18.530597
 175.000000 1.585614 15.743317
 176.000000 1.788651 13.032425
 177.000000 -2.932606 21.227259
 178.000000 -2.846549 20.515197
 179.000000 1.613174 16.015655
 180.000000 2.381381 12.958628
 181.000000 -0.985326 16.159470
 182.000000 -0.498634 6.905530
 183.000000 -1.180477 18.563283
 184.000000 -1.809611 14.148992
 185.000000 -2.009935 12.790088
 186.000000 -0.814654 14.046306
 187.000000 -0.750521 13.127151
 188.000000 -0.463017 7.539630
 189.000000 -0.709650 13.192394
 190.000000 2.841131 20.734257
 191.000000 -2.596037 17.236887
 192.000000 -2.497080 16.055972
 193.000000 -2.745927 20.029459
 194.000000 2.727097 19.241139
 195.000000 -1.568300 17.670651
 196.000000 -1.756512 15.815238
 197.000000 -1.283525 19.977731
 198.000000 3.021896 23.011291
 199.000000 1.831092 13.338737
 200.000000 3.042497 23.302414
 201.000000 2.543989 16.408522
 202.000000 -1.630382 17.743685
 203.000000 -2.434409 15.797916
 204.000000 -1.920574 14.829542
 205.000000 1.703766 15.437256
 206.000000 0.781145 14.340233
 207.000000 1.378004 19.937985
 208.000000 1.156435 20.551854
 209.000000 -2.852081 21.982173
 210.000000 -2.688761 20.078097
 211.000000 -2.151879 14.282429
 212.000000 1.912855 13.370259
 213.000000 1.119152 20.565763
 214.000000 0.921930 18.032510
 215.000000 0.916686 18.214569
 216.000000 -1.208439 20.365333
 217.000000 -0.868750 16.924384
 218.000000 -0.960030 18.689112
 219.000000 -0.354523 6.803273
 220.000000 -1.054840 20.180439
 221.000000 -0.621692 12.922982
 222.000000 -1.244904 21.371842
 223.000000 -0.899371 18.886853
 224.000000 -0.752757 16.451927
 225.000000 -3.013468 23.729044
 226.000000 2.981979 23.565811
 227.000000 2.866021 22.505494
 228.000000 -2.941117 23.625753
 229.000000 1.829733 14.730253
 230.000000 -0.222850 6.056010
 231.000000 -1.383884 21.297981
 232.000000 2.681364 19.710994
 233.000000 3.118872 24.783275
 234.000000 -0.699376 15.959452
 235.000000 -1.226789 22.202543
 236.000000 -1.215825 22.411138
 237.000000 2.489209 16.419157
 238.000000 0.140303 5.287808
 239.000000 -2.866772 23.237271
 240.000000 -0.619463 14.733468
 241.000000 1.358653 21.231497
 242.000000 1.409707 20.996392
 243.000000 -2.714166 21.381426
 244.000000 3.062066 25.095904
 245.000000 2.316028 14.319378
 246.000000 -2.382786 16.533519
 247.000000 1.578734 19.074244
 248.000000 3.055003 25.285867
 249.000000 2.325091 14.842247
 250.000000 -2.458808 17.903007
 251.000000 0.014184 5.962323
 252.000000 1.124266 21.827554
 253.000000 0.436876 9.290396
 254.000000 -0.264824 8.759089
 255.000000 -0.275604 9.491050
 256.000000 0.730907 15.333001
 257.000000 3.033327 25.412131
 258.000000 2.723050 21.800851
 259.000000 2.419664 16.595318
 260.000000 2.127437 14.316193
 261.000000 2.448099 17.603610
 262.000000 1.804996 16.559746
 263.000000 -3.070205 25.823006
 264.000000 -2.960919 25.282107
 265.000000 -0.995862 21.809980
 266.000000 -0.791607 19.274825
 267.000000 0.795815 17.087299
 268.000000 3.044367 26.154050
 269.000000 2.369848 16.906988
 270.000000 1.751946 17.596008
 271.000000 2.223049 15.891771
 272.000000 1.073510 22.166653
 273.000000 1.549886 20.705466
 274.000000 1.654409 19.532515
 275.000000 1.583236 20.738056
 276.000000 2.954063 25.865856
 277.000000 -2.020461 15.386647
 278.000000 2.881644 25.339187
 279.000000 2.939496 26.054970
 280.000000 -1.273434 22.888344
 281.000000 -1.326088 22.813916
 282.000000 1.021675 21.930698
 283.000000 0.429822 10.427802
 284.000000 0.990734 21.809431
 285.000000 1.760748 18.622036
 286.000000 0.630998 14.647386
 287.000000 -2.099164 15.596933
 288.000000 -2.432124 18.313678
 289.000000 -1.106885 23.271383
 290.000000 2.458198 19.034724
 291.000000 -3.063189 26.657452
 292.000000 3.128316 27.093398
 293.000000 -2.522776 19.970893
 294.000000 1.682812 19.969527
 295.000000 -2.996963 26.586536
 296.000000 -1.492099 21.700873
 297.000000 1.441557 23.234802
 298.000000 1.170476 24.244126
 299.000000 1.300965 24.514287
 300.000000 -1.096011 23.521075
 301.000000 0.840669 19.769423
 302.000000 1.280088 24.847510
 303.000000 0.949859 22.287021
 304.000000 0.653022 15.975595
 305.000000 2.423925 18.867488
 306.000000 2.510158 20.438413
 307.000000 2.291764 17.784405
 308.000000 -1.727150 19.018170
 309.000000 -2.056132 16.500003
 310.000000 1.719724 20.213345
 311.000000 -2.506258 20.175447
 312.000000 -1.133584 23.927804
 313.000000 -1.777191 18.957589
 314.000000 1.847500 18.804193
 315.000000 -0.953952 22.659466
 316.000000 -0.646797 17.283732
 317.000000 2.305034 18.371393
 318.000000 -2.692925 23.279218
 319.000000 -3.133947 27.619709
 320.000000 3.099851 27.779238
 321.000000 -3.010944 27.332542
 322.000000 -1.638447 20.924924
 323.000000 0.390741 11.198717
 324.000000 1.372726 24.960308
 325.000000 -2.728907 24.213854
 326.000000 -2.330886 18.485038
 327.000000 -3.045424 27.829737
 328.000000 -1.149840 24.567166
 329.000000 -1.719972 20.240318
 330.000000 -2.990408 27.619418
 331.000000 0.061812 8.722193
 332.000000 0.748395 18.917869
 333.000000 -2.830414 26.124426
 334.000000 -1.927642 18.325998
 335.000000 1.641023 21.984231
 336.000000 1.195859 25.760207
 337.000000 -2.691646 24.310659
 338.000000 -2.508850 21.553763
 339.000000 -2.820820 26.461684
 340.000000 2.745776 25.145466
 341.000000 2.776964 25.779759
 342.000000 2.011180 18.098854
 343.000000 0.853631 21.529727
 344.000000 0.456873 13.402360
 345.000000 1.277514 26.091275
 346.000000 -1.321326 24.636915
 347.000000 -1.768790 20.247576
 348.000000 0.443489 13.591755
 349.000000 0.483289 14.690917
 350.000000 1.319841 26.117990
 351.000000 0.710255 19.595140
 352.000000 1.547994 23.964554
 353.000000 1.317446 26.474957
 354.000000 0.276792 12.001105
 355.000000 -0.840870 21.633909
 356.000000 2.677707 24.402830
 357.000000 -2.212219 18.475138
 358.000000 0.550125 16.899893
 359.000000 -1.571164 22.877323
 360.000000 2.047760 18.379899
 361.000000 2.809026 26.600655
 362.000000 -3.032176 28.684496
 363.000000 2.293037 19.323277
 364.000000 0.867367 23.395452
 365.000000 1.377776 26.350513
 366.000000 1.528618 24.807447
 367.000000 2.830829 27.165827
 368.000000 0.506941 16.516100
 369.000000 1.004796 25.925814
 370.000000 0.768480 22.120256
 371.000000 -3.089700 29.131880
 372.000000 1.675029 22.892893
 373.000000 -1.720113 21.336356
 374.000000 0.053378 10.672390
 375.000000 2.424866 21.141295
 376.000000 0.752286 22.076268
 377.000000 1.829355 20.962383
 378.000000 1.531834 25.357077
 379.000000 -1.107832 25.118026
 380.000000 0.016710 11.001903
 381.000000 -1.697018 21.862503
 382.000000 -2.154581 18.763507
 383.000000 2.011442 19.597269
 384.000000 1.291966 27.751527
 385.000000 1.052507 27.133114
 386.000000 2.989326 28.997966
 387.000000 2.527324 23.021321
 388.000000 2.002418 19.982554
 389.000000 1.885499 21.175953
 390.000000 2.247087 20.341766
 391.000000 2.808300 27.546005
 392.000000 -3.070066 29.400035
 393.000000 -2.780942 26.632427
 394.000000 -1.905951 19.998855
 395.000000 -2.860930 27.832763
 396.000000 -2.957456 28.978238
 397.000000 2.458964 22.671329
 398.000000 -2.610138 24.328222
 399.000000 -2.637424 24.944113
 400.000000 -2.272405 20.023264
 401.000000 2.237162 20.725632
 402.000000 0.999228 26.688136
 403.000000 1.027391 27.164524
 404.000000 -3.077056 30.048947
 405.000000 1.505407 26.485045
 406.000000 -0.680949 18.907224
 407.000000 -1.481891 24.630605
 408.000000 -1.855326 20.946596
 409.000000 -1.346040 25.772908
 410.000000 2.907111 29.188646
 411.000000 1.888288 21.792775
 412.000000 -1.247719 26.136594
 413.000000 0.649572 20.596195
 414.000000 -1.508076 24.951560
 415.000000 -1.097864 25.866665
 416.000000 -1.887614 21.055935
 417.000000 -0.956471 24.505441
 418.000000 0.621686 20.254234
 419.000000 1.119646 28.378098
 420.000000 2.217702 21.028433
 421.000000 0.837723 24.882860
 422.000000 0.616346 20.559843
 423.000000 -0.491914 15.462979
 424.000000 -0.764571 21.501157
 425.000000 -1.234266 26.827234
 426.000000 -2.473331 22.796788
 427.000000 -3.036388 30.113194
 428.000000 0.937184 26.873026
 429.000000 -1.687342 23.539381
 430.000000 1.617049 25.475155
 431.000000 2.734020 27.294862
 432.000000 -1.201770 27.016742
 433.000000 -3.042696 30.298963
 434.000000 2.960301 30.056800
 435.000000 -0.593664 18.136646
 436.000000 2.179445 21.210656
 437.000000 3.042427 30.644282
 438.000000 -2.042813 20.427763
 439.000000 0.521734 18.925424
 440.000000 2.172628 21.417456
 441.000000 0.868991 26.099589
 442.000000 1.566355 26.427060
 443.000000 2.861586 29.379973
 444.000000 2.409382 23.332420
 445.000000 -1.993140 20.915923
 446.000000 -1.732431 23.568137
 447.000000 1.571094 26.520834
 448.000000 -2.194237 20.832750
 449.000000 -2.849862 28.919427
 450.000000 -3.081975 30.946304
 451.000000 -0.664589 19.972622
 452.000000 0.199616 13.711087
 453.000000 -2.875672 29.425879
 454.000000 1.338695 29.027017
 455.000000 1.551561 27.008998
 456.000000 3.065772 31.193823
 457.000000 -2.976467 30.608836
 458.000000 -2.556030 24.908477
 459.000000 0.813727 25.432778
 460.000000 -2.708492 27.506905
 461.000000 -2.436042 23.392105
 462.000000 -0.866304 24.228762
 463.000000 -0.162504 12.288429
 464.000000 -1.497662 26.242045
 465.000000 -1.359039 27.324831
 466.000000 -0.832535 23.947865
 467.000000 -2.440367 23.640214
 468.000000 2.030747 22.017727
 469.000000 2.502434 24.807648
 470.000000 0.908715 27.227102
 471.000000 1.529685 27.543329
 472.000000 1.945148 22.813679
 473.000000 -0.845536 24.355908
 474.000000 2.913512 30.524820
 475.000000 -2.619848 26.551845
 476.000000 2.807067 29.422124
 477.000000 -2.039920 21.611619
 478.000000 1.542745 27.614265
 479.000000 -0.808070 23.838567
 480.000000 -3.028850 31.527886
 481.000000 -3.052007 31.734227
 482.000000 0.862149 26.640156
 483.000000 -1.773428 23.845888
 484.000000 -1.289767 28.005295
 485.000000 0.907214 27.534278
 486.000000 3.135034 32.028196
 487.000000 -0.534267 18.170932
 488.000000 -1.328853 28.027980
 489.000000 -1.261423 28.344380
 490.000000 -2.688939 27.979039
 491.000000 -1.419518 27.755461
 492.000000 -1.203170 28.593914
 493.000000 -2.137448 21.878924
 494.000000 2.720045 28.443555
 495.000000 2.929629 31.230455
 496.000000 3.100379 32.290378
 497.000000 2.472575 24.961218
 498.000000 -2.989636 31.839949
 499.000000 2.534704 26.002794
 500.000000 -3.122143 32.536171
 501.000000 2.275761 23.204195
 502.000000 2.822174 30.522570
 503.000000 -2.761587 29.452532
 504.000000 1.428853 29.079654
 505.000000 0.636117 22.386700
 506.000000 -0.550953 18.867169
 507.000000 0.667868 23.263859
 508.000000 0.610311 22.220219
 509.000000 -2.612542 27.207064
 510.000000 2.719988 29.212110
 511.000000 -2.873755 31.172354
 512.000000 2.364648 24.286345
 513.000000 1.624349 26.920638
 514.000000 1.198116 30.508805
 515.000000 -1.192659 28.753068
 516.000000 0.777980 25.952603
 517.000000 -1.163088 28.811446
 518.000000 -1.897978 23.224115
 519.000000 -3.082565 32.858369
 520.000000 2.857340 31.337730
 521.000000 -0.706023 22.680228
 522.000000 -0.850987 25.784534
 523.000000 2.090044 23.022424
 524.000000 1.424332 29.551330
 525.000000 1.806847 25.000555
 526.000000 3.013799 32.820249
 527.000000 -3.125695 33.190815
 528.000000 3.140665 33.291175
 529.000000 2.398098 25.098077
 530.000000 -2.959886 32.471612
 531.000000 -1.090772 28.830335
 532.000000 2.362645 24.871512
 533.000000 1.459707 29.412605
 534.000000 1.141523 30.770436
 535.000000 -1.925774 23.190828
 536.000000 1.081232 30.541142
 537.000000 -1.392418 28.687673
 538.000000 2.327884 24.700844
 539.000000 2.643117 28.928990
 540.000000 1.741533 26.158515
 541.000000 -3.140201 33.534654
 542.000000 -0.837048 25.814055
 543.000000 -1.238192 29.505865
 544.000000 0.860425 27.842370
 545.000000 -0.818135 25.658941
 546.000000 1.227946 31.228661
 547.000000 -2.418582 24.594711
 548.000000 -2.911504 32.224187
 549.000000 -1.917893 23.562222
 550.000000 -2.967247 32.865961
 551.000000 0.668233 24.087980
 552.000000 -3.043963 33.491877
 553.000000 -3.008953 33.358889
 554.000000 -1.116907 29.525732
 555.000000 -1.525759 27.945097
 556.000000 -2.759663 30.499388
 557.000000 -2.130116 22.862122
 558.000000 1.839846 25.236377
 559.000000 0.475997 19.974304
 560.000000 1.124913 31.263078
 561.000000 -2.095826 23.077456
 562.000000 2.751156 30.779247
 563.000000 2.177875 24.143182
 564.000000 2.712202 30.358924
 565.000000 -0.500040 18.593783
 566.000000 -1.155282 29.908508
 567.000000 -0.299964 15.007341
 568.000000 -0.475398 18.643804
 569.000000 1.927701 24.787686
 570.000000 0.481856 20.402331
 571.000000 0.117929 14.562371
 572.000000 2.356488 25.674885
 573.000000 3.135116 34.129373
 574.000000 -2.673288 29.322229
 575.000000 -1.198653 30.131855
 576.000000 -2.070166 23.355870
 577.000000 -2.753976 30.780449
 578.000000 -2.572215 27.876765
 579.000000 2.547399 28.193194
 580.000000 2.640586 29.678658
 581.000000 -3.124069 34.395992
 582.000000 1.598938 28.534845
 583.000000 1.650905 28.013380
 584.000000 1.320115 31.439344
 585.000000 -2.963571 33.650409
 586.000000 -0.212782 14.774795
 587.000000 -1.340042 29.866886
 588.000000 2.833373 32.545559
 589.000000 -3.054219 34.383163
 590.000000 -3.060996 34.490633
 591.000000 2.938404 33.862825
 592.000000 -0.912075 28.191985
 593.000000 -0.992928 29.343161
 594.000000 -1.255318 30.464799
 595.000000 -1.165438 30.614841
 596.000000 0.880077 28.952365
 597.000000 -3.094488 34.748847
 598.000000 -2.762399 31.429780
 599.000000 -2.066052 23.656889
 600.000000 3.035191 34.717438
 601.000000 -2.927132 33.807797
 602.000000 -2.932935 33.948638
 603.000000 -2.573879 28.446797
 604.000000 2.335335 25.925339
 605.000000 1.230291 31.875772
 606.000000 1.713403 27.491548
 607.000000 2.698205 31.083412
 608.000000 -2.967800 34.450281
 609.000000 -0.842111 27.411155
 610.000000 -0.582648 21.925339
 611.000000 -2.594385 28.974939
 612.000000 -2.617963 29.512885
 613.000000 2.775327 32.359401
 614.000000 1.362910 31.496360
 615.000000 -1.451469 29.494321
 616.000000 2.591448 29.621421
 617.000000 2.846871 33.507682
 618.000000 -2.459815 26.909803
 619.000000 -2.861858 33.650059
 620.000000 1.115613 31.837860
 621.000000 -1.364173 30.334947
 622.000000 -0.702830 24.919311
 623.000000 -1.293382 30.883151
 624.000000 -1.699763 27.010228
 625.000000 3.003686 35.154630
 626.000000 -0.556552 21.698751
 627.000000 2.128491 25.016872
 628.000000 2.923848 34.569766
 629.000000 3.064893 35.615486
 630.000000 -2.427423 26.618366
 631.000000 3.083318 35.752042
 632.000000 2.538226 29.171186
 633.000000 -2.462440 27.309184
 634.000000 2.917178 34.775107
 635.000000 -1.879227 25.325791
 636.000000 -2.580664 29.490857
 637.000000 -2.251495 25.024756
 638.000000 -2.840566 33.891705
 639.000000 -1.821610 26.100611
 640.000000 1.152141 32.096972
 641.000000 3.098234 36.046246
 642.000000 2.797809 33.444005
 643.000000 2.683282 31.762603
 644.000000 1.181721 32.267265
 645.000000 1.507638 30.442539
 646.000000 -2.029569 24.849834
 647.000000 -1.278895 31.239177
 648.000000 -2.312803 25.941257
 649.000000 2.718654 32.421527
 650.000000 0.247761 16.783056
 651.000000 2.630388 31.077710
 652.000000 -0.792984 27.238447
 653.000000 -1.347121 31.063379
 654.000000 -2.455877 27.922479
 655.000000 2.833369 34.274577
 656.000000 3.075313 36.339125
 657.000000 -2.656168 31.390165
 658.000000 -2.832476 34.215954
 659.000000 -2.755462 33.182035
 660.000000 -3.023089 36.242379
 661.000000 -1.088122 31.309712
 662.000000 2.858441 34.796484
 663.000000 -2.853500 34.726059
 664.000000 2.627185 31.304732
 665.000000 1.585453 29.594203
 666.000000 -2.902862 35.396779
 667.000000 -0.008054 14.850189
 668.000000 0.846109 28.895245
 669.000000 -1.112532 31.532782
 670.000000 -2.743403 33.274952
 671.000000 1.448258 31.327815
 672.000000 -2.513812 29.359026
 673.000000 -1.261143 31.716482
 674.000000 -1.449718 30.583204
 675.000000 2.580008 30.613679
 676.000000 -2.664520 32.132544
 677.000000 1.541142 30.371420
 678.000000 -1.779941 27.087540
 679.000000 -2.044313 25.434621
 680.000000 1.342534 32.382616
 681.000000 0.607319 24.151395
 682.000000 1.193682 32.850374
 683.000000 -1.230193 32.015588
 684.000000 -1.592979 29.405437
 685.000000 2.154938 25.644798
 686.000000 2.915272 35.768157
 687.000000 -2.777189 34.097700
 688.000000 -2.091728 25.593726
 689.000000 -1.452373 30.996301
 690.000000 -1.795986 27.477202
 691.000000 -0.549893 22.103573
 692.000000 -1.539137 30.353412
 693.000000 -0.800876 28.020160
 694.000000 -0.907794 30.071437
 695.000000 -0.357807 18.295048
 696.000000 -2.050581 25.955952
