#! FIELDS time phi sigma_phi height biasf
#! SET multivariate false
#! SET kerneltype gaussian
#! SET min_phi -pi
#! SET max_phi pi
                      1      3.071210065783663                   0.35                   1.44                      6
                      2      1.662222681265519                   0.35                   1.44                      6
                      3      1.552385039631688                   0.35      1.313963877909036                      6
                      4      1.172819514931634                   0.35      1.322708884647524                      6
                      5     -3.099410776149034                   0.35      1.314261452147492                      6
                      6      2.851647190363597                   0.35      1.257759344717422                      6
                      7      3.129461613242466                   0.35      1.129361788091808                      6
                      8       2.83051635379399                   0.35       1.10436253675808                      6
                      9      3.135209004103115                   0.35     0.9965545367737316                      6
                     10      2.771518785598643                   0.35      1.015190427684131                      6
                     11     -2.861458387962661                   0.35      1.087296460348297                      6
                     12     -2.652996931545811                   0.35      1.185925574595772                      6
                     13      2.931246688793997                   0.35     0.8486034298506234                      6
                     14      2.871593078320069                   0.35     0.8261988549083062                      6
                     15     -2.953907321860501                   0.35     0.8458309389003857                      6
                     16     0.9023549947689284                   0.35      1.315626035283485                      6
                     17      1.465817253925225                   0.35      1.117370387687589                      6
                     18      2.867449052017687                   0.35     0.7654222759962889                      6
                     19      3.087734923788631                   0.35      0.684778248301932                      6
                     20      1.386119989870084                   0.35      1.036399854274419                      6
                     21      1.044292170031554                   0.35      1.073650439392819                      6
                     22      1.009500732771222                   0.35      1.016240945260237                      6
                     23      1.192991379942476                   0.35     0.8903337981543867                      6
                     24      2.132530597000838                   0.35      1.249992953735404                      6
                     25     -2.962466198813241                   0.35      0.748647804945925                      6
                     26     -2.672543780220517                   0.35       0.96708926317146                      6
                     27      3.053904354156578                   0.35     0.6152684896273853                      6
                     28      -3.13132091825909                   0.35     0.5955634371959339                      6
                     29    -0.8930886139350083                   0.35                   1.44                      6
                     30     -1.188041208128933                   0.35      1.346062617376383                      6
                     31    -0.9720110711595495                   0.35      1.217134133324629                      6
                     32    -0.7764251028523881                   0.35      1.172351801402787                      6
                     33     -1.889291181656242                   0.35      1.394286445620778                      6
                     34      2.788412656609306                   0.35     0.6875153782333776                      6
                     35     -2.909586842392668                   0.35     0.6620769852899029                      6
                     36     -2.541866283502626                   0.35     0.9750249360888319                      6
                     37     -2.728876849732192                   0.35     0.7425754607735255                      6
                     38     -2.718010019757784                   0.35     0.7155348884686787                      6
                     39     -2.910228532029474                   0.35     0.5603190819782049                      6
                     40    -0.5259627030414964                   0.35      1.218189560835842                      6
                     41     -1.043944365810005                   0.35       1.02423032886368                      6
                     42     -1.513222205599241                   0.35      1.184824801398697                      6
                     43     -1.554640930622353                   0.35      1.110432048226237                      6
                     44     -1.428613249097394                   0.35     0.9887817844296571                      6
                     45     -1.393577739834857                   0.35     0.9152703865950755                      6
                     46     -1.147927048593263                   0.35     0.8299879221856075                      6
                     47      2.535748825812745                   0.35     0.8932202287241107                      6
                     48      1.926191720755829                   0.35      1.071377840297414                      6
                     49      1.231072531825931                   0.35     0.8236083240677702                      6
                     50      1.279381004805326                   0.35     0.7751740816691278                      6
                     51     -3.025428892498677                   0.35     0.4970396660396259                      6
                     52     -1.251416248701343                   0.35     0.7912893457364901                      6
                     53     -1.575009018953827                   0.35     0.8715145570691873                      6
                     54     -1.574370073585349                   0.35     0.8218639808292156                      6
                     55     -1.824259504228168                   0.35     0.9399157076366655                      6
                     56     -2.577015187643783                   0.35     0.7668597840075722                      6
                     57      -2.99825345334586                   0.35     0.4758858493851725                      6
                     58      1.107863619019628                   0.35     0.7751818943971855                      6
                     59      1.199012571472219                   0.35     0.7098449037494315                      6
                     60      1.449377384686361                   0.35     0.7066642277093217                      6
                     61     0.8521372505615279                   0.35     0.8761147113207793                      6
                     62      2.855719031539804                   0.35     0.5428799635336045                      6
                     63     -2.539959768863193                   0.35     0.7504978261215508                      6
                     64      2.398882272760994                   0.35     0.9246273530172047                      6
                     65      2.681024311841556                   0.35     0.6313951460152516                      6
                     66     0.8238679384895127                   0.35     0.8540052084822481                      6
                     67      1.388336048596842                   0.35     0.6336323420468397                      6
                     68     0.9521860303075584                   0.35     0.6882924812394141                      6
                     69      2.124895819313309                   0.35     0.9584833131882171                      6
                     70     -2.901913750882786                   0.35     0.4692680838077676                      6
                     71     -1.687092269864155                   0.35     0.7931682163266186                      6
                     72     -2.950649217613452                   0.35     0.4378167607408648                      6
                     73      -2.66218619395351                   0.35     0.5827914170875786                      6
                     74     -1.933860753166543                   0.35     0.8899699501744845                      6
                     75     -3.028921510234868                   0.35     0.3980038357309934                      6
                     76      1.517235392723433                   0.35     0.6441877103119956                      6
                     77      1.157330621096142                   0.35     0.5567310575933205                      6
                     78      1.013811921079609                   0.35     0.5902890965009268                      6
                     79      1.954507113135487                   0.35     0.8529904422504798                      6
                     80     -1.622496548024309                   0.35     0.6933943333052024                      6
                     81     -1.356818673380674                   0.35     0.6309841602427088                      6
                     82    -0.8474964682611921                   0.35     0.8088540383428008                      6
                     83     -1.140224051546892                   0.35     0.6284406761233419                      6
                     84     -2.255151166015886                   0.35     0.8544084571624017                      6
                     85      1.996303130180934                   0.35     0.8201269789772311                      6
                     86      2.360106547505859                   0.35     0.7746125307022751                      6
                     87     -2.556367239970223                   0.35      0.608717885398632                      6
                     88     -2.822551216996124                   0.35     0.4293908602450819                      6
                     89    -0.6777752519624487                   0.35     0.8787628108572859                      6
                     90      -1.18584140610692                   0.35     0.5789703080496362                      6
                     91      2.657709397430359                   0.35     0.5698416070816325                      6
                     92     0.7610632126600541                   0.35     0.7846457959663913                      6
                     93      1.329455533782594                   0.35     0.5041588673677241                      6
                     94      1.284451879945486                   0.35     0.4812628742347983                      6
                     95     0.5584554094353731                   0.35     0.9840112043752747                      6
                     96     0.4950229242648962                   0.35     0.9973871185620019                      6
                     97      1.012279388438294                   0.35     0.4940762395898849                      6
                     98      1.010415670898049                   0.35     0.4787465303922735                      6
                     99      2.882921536034019                   0.35     0.4268708324332878                      6
                    100      2.739993068074538                   0.35     0.4858917103177335                      6
                    101      2.794617240773087                   0.35     0.4415323129697764                      6
                    102     -1.794674165690243                   0.35     0.6904955451351282                      6
                    103     -1.444833646495624                   0.35     0.5423833914523394                      6
                    104     -2.252557095442077                   0.35     0.7622434825720971                      6
                    105     -1.243410215374616                   0.35     0.5257574507325457                      6
                    106     -1.120758076135167                   0.35      0.534763383305122                      6
                    107     -1.120235276805351                   0.35     0.5161460123355707                      6
                    108     -2.849981859689372                   0.35     0.3935509982089722                      6
                    109     -3.124974928054287                   0.35      0.337229005639938                      6
                    110      2.401842101034901                   0.35      0.663861121182161                      6
                    111      2.381192837618499                   0.35     0.6457101600445364                      6
                    112      1.322998132161255                   0.35     0.4459828672375719                      6
                    113      3.035735683719152                   0.35     0.3347438750969737                      6
                    114      2.993679027893214                   0.35     0.3340208926511835                      6
                    115    -0.8210127272567185                   0.35     0.6561177791598103                      6
                    116     -1.057738859787031                   0.35     0.5016376685408869                      6
                    117     -1.257417093035239                   0.35     0.4514309777117648                      6
                    118     -2.508885356827684                   0.35     0.5654180679871689                      6
                    119      1.046485514680931                   0.35     0.4418683152693275                      6
                    120     -2.372996021247303                   0.35     0.6352537545932512                      6
                    121     -2.680003347713142                   0.35     0.4237712017127098                      6
                    122      2.700613946174082                   0.35     0.4322976723172867                      6
                    123      1.250230519775885                   0.35     0.4106972724399149                      6
                    124      2.637215864558973                   0.35     0.4541610155157459                      6
                    125      3.011340307055132                   0.35      0.308335706423387                      6
                    126      2.620344610370213                   0.35     0.4448440970658156                      6
                    127     -2.151086327478726                   0.35     0.6909294346135959                      6
                    128     -2.059082048721308                   0.35     0.6631579611133561                      6
                    129     -1.190716038358402                   0.35     0.4412951282114412                      6
                    130     0.2298254845549117                   0.35      1.179899561869976                      6
                    131      1.610317323329732                   0.35     0.5381929624956242                      6
                    132     0.9046091686444075                   0.35     0.4779558310513053                      6
                    133      3.028494064359763                   0.35     0.2952512954879332                      6
                    134      1.132942832879194                   0.35      0.383615737709013                      6
                    135      1.804615934488301                   0.35     0.6152637409079313                      6
                    136      1.066968090580646                   0.35     0.3839510085542581                      6
                    137     0.6453013900954874                   0.35       0.66230949084226                      6
                    138      1.121860848155048                   0.35     0.3573581673130939                      6
                    139        1.2434491560996                   0.35     0.3491934704058843                      6
                    140      0.217455959993849                   0.35      1.068048792323119                      6
                    141     -1.398931255160438                   0.35      0.432246667414483                      6
                    142       -1.2449287201684                   0.35     0.4127983622227961                      6
                    143    -0.8746491371714296                   0.35     0.5390211501653662                      6
                    144     -1.534790871332886                   0.35     0.4393148758908162                      6
                    145      1.333587252682414                   0.35     0.3576919322288937                      6
                    146     -1.711444737305654                   0.35      0.496490745301527                      6
                    147      2.458458542455957                   0.35     0.5190218661542988                      6
                    148      2.979160209959474                   0.35     0.2924013936259794                      6
                    149     -1.644477160164229                   0.35     0.4523349558471224                      6
                    150     -1.283244508307451                   0.35     0.3717400476562323                      6
                    151     -2.711795100959149                   0.35     0.3808986178277661                      6
                    152     -2.755916297933743                   0.35      0.353573621870002                      6
                    153     -2.767428686779252                   0.35     0.3410678683629328                      6
                    154      1.184531164336252                   0.35     0.3299927488998173                      6
                    155      1.388710818052137                   0.35     0.3588483297277806                      6
                    156    -0.7345840810913322                   0.35     0.6275388483630266                      6
                    157    -0.9267082273436382                   0.35     0.4568860113074114                      6
                    158     -1.378902694348523                   0.35     0.3577812614427426                      6
                    159      2.813285395358354                   0.35     0.3224695201826725                      6
                    160      1.581868417712908                   0.35     0.4396856058414895                      6
                    161      2.857101618648232                   0.35     0.3020549481995718                      6
                    162      3.011962203857487                   0.35     0.2664036384258349                      6
                    163     -2.970126322485996                   0.35     0.2738838517288372                      6
                    164     -3.111170644644224                   0.35     0.2533634640539057                      6
                    165      2.920391639007602                   0.35     0.2696991946263848                      6
                    166     -1.344850220732563                   0.35     0.3459544195790484                      6
                    167      1.747109835185941                   0.35     0.5202289047791139                      6
                    168     -2.496810030409548                   0.35     0.4550804038656788                      6
                    169      -1.12237310949136                   0.35     0.3551790201955495                      6
                    170     -2.185200982703817                   0.35      0.579210648357058                      6
                    171     -2.063149124922875                   0.35     0.5607789024312256                      6
                    172      2.887478760577678                   0.35     0.2721431392094738                      6
                    173      0.779974177821499                   0.35      0.476778302356246                      6
                    174      1.365829346543791                   0.35     0.3258984842491329                      6
                    175      1.585613883329174                   0.35     0.4075136405049706                      6
                    176      1.788650795409747                   0.35     0.5064563030840114                      6
                    177     -2.932606466075518                   0.35     0.2625294765563077                      6
                    178     -2.846548558176886                   0.35     0.2779545393871872                      6
                    179      1.613173671788735                   0.35     0.3987114264526705                      6
                    180      2.381381003556366                   0.35     0.5094619569133243                      6
                    181    -0.9853262907506415                   0.35     0.3941401961769983                      6
                    182    -0.4986338410238051                   0.35     0.8277424862091379                      6
                    183     -1.180476570983843                   0.35     0.3250454872735551                      6
                    184     -1.809611156885793                   0.35     0.4630846871081519                      6
                    185     -2.009935057621322                   0.35      0.516393439992315                      6
                    186    -0.8146544737697607                   0.35     0.4669132274878746                      6
                    187    -0.7505210220613039                   0.35      0.502624176537078                      6
                    188    -0.4630169000907878                   0.35     0.7867094194642833                      6
                    189     -0.709649602833621                   0.35     0.5000016638578759                      6
                    190      2.841130699870805                   0.35     0.2731150237105303                      6
                    191      -2.59603734116158                   0.35     0.3615201035893502                      6
                    192     -2.497080356252919                   0.35     0.3974246285080801                      6
                    193     -2.745926529360677                   0.35      0.288993687842186                      6
                    194      2.727096591337909                   0.35     0.3078502723499449                      6
                    195     -1.568299587321747                   0.35     0.3491626234318275                      6
                    196     -1.756511655023404                   0.35      0.405170387898298                      6
                    197     -1.283525412207869                   0.35     0.2901948133185168                      6
                    198      3.021895774033147                   0.35     0.2275379007977124                      6
                    199      1.831092163233341                   0.35     0.4941689369829941                      6
                    200      3.042497224213739                   0.35       0.22228807388324                      6
                    201       2.54398919926934                   0.35     0.3863475274853428                      6
                    202     -1.630381828224309                   0.35     0.3471238914820247                      6
                    203     -2.434409113930191                   0.35     0.4057335310286862                      6
                    204     -1.920574029886812                   0.35       0.43849233437527                      6
                    205      1.703765650448364                   0.35     0.4176379501477712                      6
                    206     0.7811447266056257                   0.35     0.4560378874722021                      6
                    207      1.378004135784238                   0.35     0.2911211066250146                      6
                    208       1.15643524173973                   0.35     0.2771387792856286                      6
                    209     -2.852081375246908                   0.35     0.2471098874181229                      6
                    210     -2.688760601194686                   0.35     0.2878688263316489                      6
                    211      -2.15187917443068                   0.35     0.4581564529748584                      6
                    212      1.912854875267502                   0.35     0.4929215296376611                      6
                    213      1.119152430225892                   0.35     0.2768298598477277                      6
                    214     0.9219300513891451                   0.35     0.3391774156242913                      6
                    215     0.9166860413957938                   0.35     0.3342621596684474                      6
                    216     -1.208439125477369                   0.35     0.2813146774561868                      6
                    217    -0.8687495876793703                   0.35     0.3706931567360823                      6
                    218    -0.9600302626715007                   0.35     0.3217825243974552                      6
                    219    -0.3545230744688954                   0.35     0.8345571615528946                      6
                    220     -1.054839855961796                   0.35     0.2855162784071322                      6
                    221    -0.6216922769495525                   0.35     0.5109201534865486                      6
                    222     -1.244904021478529                   0.35     0.2595035599112461                      6
                    223    -0.8993712605438859                   0.35     0.3167208377724935                      6
                    224    -0.7527567584816461                   0.35     0.3850052644517104                      6
                    225     -3.013467755941918                   0.35      0.214812648407895                      6
                    226      2.981978703190495                   0.35     0.2176426624584327                      6
                    227      2.866020811887717                   0.35     0.2369555149724568                      6
                    228     -2.941117215600968                   0.35     0.2165991227558638                      6
                    229      1.829732532973479                   0.35     0.4419971700121732                      6
                    230    -0.2228504364691082                   0.35     0.8860894824380473                      6
                    231      -1.38388379876214                   0.35     0.2610449723879669                      6
                    232      2.681363616192355                   0.35     0.2964681564293871                      6
                    233      3.118872026603677                   0.35     0.1974008335483884                      6
                    234    -0.6993759623755262                   0.35     0.4005122529788118                      6
                    235      -1.22678919371217                   0.35     0.2427819132128263                      6
                    236     -1.215825293971559                   0.35     0.2387550336163244                      6
                    237      2.489208623087029                   0.35     0.3860181995198121                      6
                    238     0.1403032117634515                   0.35     0.9423847694739604                      6
                    239     -2.866771815457441                   0.35     0.2234521712089861                      6
                    240    -0.6194630322361339                   0.35     0.4418832722715886                      6
                    241      1.358652558745164                   0.35     0.2624402779236529                      6
                    242      1.409706504396659                   0.35     0.2674344805345638                      6
                    243     -2.714166082095923                   0.35     0.2593042235026984                      6
                    244      3.062066384273519                   0.35     0.1925140834525641                      6
                    245      2.316028209653305                   0.35     0.4568011090215819                      6
                    246     -2.382785861553447                   0.35     0.3824947070456924                      6
                    247      1.578734126758091                   0.35     0.3119975993606041                      6
                    248      3.055002654966733                   0.35     0.1896040151959244                      6
                    249      2.325091267940614                   0.35     0.4380458816780953                      6
                    250     -2.458808215184801                   0.35     0.3427177175246761                      6
                    251    0.01418417016163964                   0.35      0.892770817937123                      6
                    252       1.12426575398519                   0.35     0.2501925375038266                      6
                    253     0.4368756601693775                   0.35     0.6836730453075049                      6
                    254    -0.2648236950174643                   0.35     0.7134275227463361                      6
                    255    -0.2756035129553291                   0.35     0.6727616082203259                      6
                    256     0.7309070177464383                   0.35     0.4211437504264018                      6
                    257      3.033326734145304                   0.35     0.1876941342991826                      6
                    258      2.723050303506905                   0.35     0.2507287932842739                      6
                    259      2.419663736281561                   0.35     0.3806040763489458                      6
                    260      2.127437392591645                   0.35     0.4569178092601657                      6
                    261      2.448098823798521                   0.35     0.3510445742994711                      6
                    262      1.804996184493758                   0.35      0.381691185868111                      6
                    263     -3.070204985480266                   0.35     0.1816113710625307                      6
                    264     -2.960918778904758                   0.35     0.1896611827505366                      6
                    265    -0.9958621739149653                   0.35     0.2505453198373757                      6
                    266    -0.7916065281296878                   0.35     0.3070199114758357                      6
                    267     0.7958152685758888                   0.35     0.3658823421052007                      6
                    268       3.04436727768808                   0.35     0.1768541692540578                      6
                    269      2.369848228507583                   0.35      0.371210563836212                      6
                    270      1.751945658898391                   0.35     0.3512586081766763                      6
                    271      2.223049137111367                   0.35     0.4026916736566832                      6
                    272      1.073509735743835                   0.35     0.2434815700964594                      6
                    273      1.549885794603995                   0.35     0.2737462324227505                      6
                    274      1.654408674361481                   0.35     0.3007413488044806                      6
                    275      1.583236096410251                   0.35     0.2730318400433268                      6
                    276      2.954063383531363                   0.35     0.1809884660343463                      6
                    277     -2.020461331420645                   0.35     0.4193361192759146                      6
                    278      2.881644078206969                   0.35     0.1887951315356378                      6
                    279      2.939495899639061                   0.35     0.1782647629164455                      6
                    280     -1.273434132437703                   0.35     0.2297920862035769                      6
                    281     -1.326087863301941                   0.35     0.2311675237829145                      6
                    282      1.021675291637698                   0.35     0.2481319130087429                      6
                    283      0.429821690008831                   0.35     0.6240814151130821                      6
                    284     0.9907336568257499                   0.35      0.250556351831279                      6
                    285      1.760748272431149                   0.35     0.3235178193534877                      6
                    286     0.6309978998856529                   0.35     0.4449437843476273                      6
                    287     -2.099164121747322                   0.35     0.4123249591298208                      6
                    288     -2.432124346266161                   0.35     0.3316163864841984                      6
                    289     -1.106884583080012                   0.35      0.222841826814408                      6
                    290      2.458197730280119                   0.35     0.3129877982773089                      6
                    291     -3.063189472900025                   0.35     0.1698578540688694                      6
                    292      3.128316113023409                   0.35     0.1640230698030665                      6
                    293     -2.522775542500296                   0.35     0.2903539710763855                      6
                    294      1.682812398442028                   0.35     0.2903857613418449                      6
                    295     -2.996963454287936                   0.35     0.1708264320709055                      6
                    296     -1.492098557464061                   0.35     0.2527467962051839                      6
                    297      1.441557444961091                   0.35     0.2234964059382202                      6
                    298      1.170475759699196                   0.35     0.2061215824508761                      6
                    299      1.300964868276839                   0.35     0.2017045954632578                      6
                    300     -1.096010829003169                   0.35     0.2184247454349239                      6
                    301     0.8406685573913872                   0.35     0.2950824755940888                      6
                    302      1.280087616285137                   0.35     0.1963867438732594                      6
                    303     0.9498585074392984                   0.35     0.2411429497153544                      6
                    304     0.6530224408337775                   0.35     0.3999941815333916                      6
                    305      2.423924724903037                   0.35     0.3172130142902478                      6
                    306      2.510158219807179                   0.35     0.2796710925457586                      6
                    307      2.291763962213754                   0.35     0.3459923966392465                      6
                    308     -1.727149920930127                   0.35     0.3134035288167993                      6
                    309     -2.056132253364956                   0.35      0.383523995629583                      6
                    310       1.71972446050802                   0.35     0.2847639487901985                      6
                    311     -2.506258302866771                   0.35     0.2856305759007581                      6
                    312     -1.133583795840285                   0.35     0.2114163444780187                      6
                    313      -1.77719084203919                   0.35       0.31492957439467                      6
                    314      1.847499794233995                   0.35     0.3188269812484059                      6
                    315    -0.9539517789420939                   0.35     0.2340481149042489                      6
                    316    -0.6467965008899959                   0.35     0.3601647279366909                      6
                    317      2.305033833401796                   0.35      0.330085309029848                      6
                    318     -2.692924800221986                   0.35     0.2227018837477962                      6
                    319     -3.133946854287098                   0.35      0.157245234960334                      6
                    320       3.09985090692564                   0.35      0.155246678817574                      6
                    321     -3.010943952100714                   0.35     0.1609078936896503                      6
                    322     -1.638447335606226                   0.35      0.268971400723327                      6
                    323     0.3907410824645723                   0.35     0.5866730282409367                      6
                    324      1.372726476971689                   0.35     0.1946185625510822                      6
                    325     -2.728906575107874                   0.35     0.2066224942384605                      6
                    326     -2.330886193200636                   0.35      0.327091177644335                      6
                    327     -3.045423575556411                   0.35     0.1546193426115839                      6
                    328     -1.149840263586793                   0.35     0.2008512022995011                      6
                    329     -1.719972014238645                   0.35     0.2841487262996182                      6
                    330     -2.990407772051832                   0.35     0.1572489073467667                      6
                    331    0.06181231763729933                   0.35     0.7155412054293953                      6
                    332     0.7483951808139828                   0.35     0.3159341640143528                      6
                    333      -2.83041405939275                   0.35     0.1772747470798639                      6
                    334     -1.927642335476004                   0.35     0.3312889703669187                      6
                    335        1.6410226195458                   0.35     0.2470691093548408                      6
                    336       1.19585897811695                   0.35     0.1825281583185084                      6
                    337     -2.691645594852234                   0.35     0.2050249035398161                      6
                    338      -2.50884963658381                   0.35     0.2557457355159998                      6
                    339     -2.820819694839937                   0.35     0.1725451479829564                      6
                    340      2.745775954903915                   0.35     0.1917505604955575                      6
                    341      2.776964448696297                   0.35     0.1822422255926421                      6
                    342      2.011179761771549                   0.35     0.3373779333859395                      6
                    343     0.8536310539019318                   0.35     0.2562390972567529                      6
                    344     0.4568731550563783                   0.35     0.4916544154737836                      6
                    345      1.277513680838519                   0.35     0.1777465858039623                      6
                    346     -1.321326015717947                   0.35     0.1997310557746051                      6
                    347     -1.768789736144141                   0.35     0.2839834134165145                      6
                    348     0.4434890159087965                   0.35     0.4842445637921803                      6
                    349     0.4832891667826917                   0.35     0.4433934361397712                      6
                    350      1.319840621899261                   0.35     0.1773662505774465                      6
                    351     0.7102551737021852                   0.35     0.2992350067649988                      6
                    352      1.547993887079345                   0.35     0.2107942845059309                      6
                    353      1.317445877878382                   0.35     0.1723616061245341                      6
                    354     0.2767920352459816                   0.35     0.5501169709023369                      6
                    355    -0.8408700719770641                   0.35     0.2541075140153927                      6
                    356      2.677706693007808                   0.35     0.2035152760457394                      6
                    357      -2.21221877655436                   0.35     0.3273509169655481                      6
                    358     0.5501246967163205                   0.35     0.3714218111158716                      6
                    359     -1.571163621832066                   0.35     0.2299952337514568                      6
                    360      2.047760350292036                   0.35     0.3298602809276834                      6
                    361      2.809025869602813                   0.35     0.1706331610139812                      6
                    362     -3.032175880482719                   0.35      0.144377348079193                      6
                    363      2.293037202484322                   0.35     0.3058294623001087                      6
                    364     0.8673674349837697                   0.35     0.2206359843446632                      6
                    365      1.377776468021587                   0.35     0.1740900558264744                      6
                    366      1.528617866643089                   0.35     0.1970186104304016                      6
                    367      2.830828821769357                   0.35     0.1630732742208433                      6
                    368      0.506941340896752                   0.35     0.3830292833138677                      6
                    369      1.004795982839949                   0.35     0.1801204484164258                      6
                    370     0.7684801850978875                   0.35     0.2443890426801111                      6
                    371     -3.089699585864336                   0.35     0.1392900403431157                      6
                    372      1.675028527329516                   0.35     0.2297082852328222                      6
                    373     -1.720112804484552                   0.35     0.2602429900570913                      6
                    374    0.05337808565821867                   0.35     0.6119614998523288                      6
                    375      2.424866397607039                   0.35     0.2643452526847109                      6
                    376     0.7522862093578144                   0.35     0.2452525298157862                      6
                    377      1.829355491871865                   0.35     0.2681647514024934                      6
                    378      1.531834333550059                   0.35     0.1885245138800424                      6
                    379     -1.107831894026012                   0.35     0.1921729086692837                      6
                    380    0.01670964229617233                   0.35     0.5960046554563426                      6
                    381     -1.697018160941378                   0.35     0.2494924050193714                      6
                    382     -2.154581190734166                   0.35     0.3198687857534737                      6
                    383      2.011441533174486                   0.35     0.2991839092986571                      6
                    384      1.291966221847364                   0.35     0.1555920099532203                      6
                    385      1.052507401611782                   0.35     0.1635015702101502                      6
                    386      2.989326396926699                   0.35     0.1407937139439095                      6
                    387      2.527324380999643                   0.35     0.2273549808758813                      6
                    388      2.002417914148105                   0.35     0.2900826023111409                      6
                    389      1.885499176324803                   0.35     0.2636116746228795                      6
                    390      2.247087480002068                   0.35     0.2818467736712486                      6
                    391      2.808300201610292                   0.35     0.1581772640000617                      6
                    392     -3.070066407384361                   0.35      0.136327113945392                      6
                    393     -2.780941858610939                   0.35     0.1701990175310209                      6
                    394     -1.905950815581776                   0.35     0.2897037115747931                      6
                    395     -2.860930423594755                   0.35     0.1545818296036568                      6
                    396     -2.957455853373046                   0.35     0.1410166048681357                      6
                    397      2.458964272148771                   0.35     0.2338255917431567                      6
                    398      -2.61013819700579                   0.35     0.2047363858006573                      6
                    399     -2.637423522131424                   0.35     0.1948714573617985                      6
                    400     -2.272404772134085                   0.35     0.2891372742825836                      6
                    401      2.237162382637817                   0.35     0.2733039682590996                      6
                    402     0.9992278799813832                   0.35     0.1694404630473557                      6
                    403      1.027390939714794                   0.35     0.1630903079937714                      6
                    404     -3.077055872679181                   0.35     0.1294152839946311                      6
                    405      1.505407390723155                   0.35     0.1722222457872087                      6
                    406    -0.6809485058320131                   0.35     0.3162039541134361                      6
                    407     -1.481890583739821                   0.35     0.1998321348815056                      6
                    408     -1.855326313613424                   0.35     0.2685044169397922                      6
                    409     -1.346040172046669                   0.35     0.1823423566675159                      6
                    410      2.907110711658491                   0.35     0.1386574940621526                      6
                    411      1.888287561695728                   0.35     0.2508912025212781                      6
                    412     -1.247718866509016                   0.35     0.1771018697148308                      6
                    413     0.6495718220589772                   0.35     0.2761551987480119                      6
                    414     -1.508076031637225                   0.35     0.1947551224781189                      6
                    415     -1.097863968778879                   0.35     0.1809767284375535                      6
                    416     -1.887613547008793                   0.35     0.2661607273776987                      6
                    417    -0.9564709590745406                   0.35     0.2018477145526539                      6
                    418     0.6216863697392974                   0.35     0.2838318551121525                      6
                    419      1.119646446143816                   0.35      0.147968258114006                      6
                    420      2.217702013172014                   0.35     0.2667482915505605                      6
                    421     0.8377227457840091                   0.35      0.195830891901023                      6
                    422     0.6163456468097852                   0.35     0.2769613115483209                      6
                    423    -0.4919138066194519                   0.35     0.4167774549993568                      6
                    424    -0.7645706844787266                   0.35     0.2568267542888223                      6
                    425     -1.234266050926231                   0.35     0.1675611784531624                      6
                    426     -2.473331006793704                   0.35     0.2314852235826748                      6
                    427     -3.036387972070651                   0.35     0.1287503242072651                      6
                    428     0.9371835663960564                   0.35     0.1669470804351813                      6
                    429     -1.687342178821277                   0.35     0.2181043727770806                      6
                    430      1.617048569848972                   0.35     0.1867480394546086                      6
                    431      2.734019863299797                   0.35     0.1613947711180567                      6
                    432     -1.201770370298555                   0.35     0.1650343271060832                      6
                    433       -3.0426961865273                   0.35     0.1268467646655653                      6
                    434      2.960300972960571                   0.35     0.1293338195460282                      6
                    435    -0.5936639382114732                   0.35     0.3363571494990194                      6
                    436      2.179445342992071                   0.35     0.2628791901809265                      6
                    437      3.042427460066443                   0.35     0.1233827821694783                      6
                    438     -2.042813290001135                   0.35     0.2799100101724551                      6
                    439     0.5217344488866678                   0.35     0.3157428304634166                      6
                    440      2.172628084650004                   0.35     0.2585561923222322                      6
                    441     0.8689909027779876                   0.35     0.1776281385747628                      6
                    442      1.566354654408556                   0.35     0.1730248221517433                      6
                    443      2.861586484163918                   0.35     0.1365465941045528                      6
                    444       2.40938208364687                   0.35     0.2217538943608226                      6
                    445     -1.993139759558582                   0.35      0.269165586710445                      6
                    446     -1.732430640645264                   0.35     0.2176020768238888                      6
                    447      1.571094192521307                   0.35     0.1717287484234744                      6
                    448     -2.194236815636724                   0.35     0.2709666364789637                      6
                    449     -2.849861580052724                   0.35     0.1416831426715478                      6
                    450     -3.081975461838298                   0.35     0.1204307664002823                      6
                    451    -0.6645889370054845                   0.35     0.2903137041090949                      6
                    452     0.1996163069748018                   0.35      0.479633280923551                      6
                    453     -2.875672468435096                   0.35     0.1360449077158283                      6
                    454      1.338695094984102                   0.35     0.1404661425309701                      6
                    455      1.551560740690525                   0.35     0.1651368339971556                      6
                    456       3.06577238580184                   0.35     0.1180642021603336                      6
                    457     -2.976467260520624                   0.35     0.1237339482536486                      6
                    458     -2.556030340806842                   0.35     0.1954290683519025                      6
                    459     0.8137266654604094                   0.35     0.1873836573207236                      6
                    460     -2.708492378326869                   0.35      0.158673944603575                      6
                    461     -2.436041917014601                   0.35     0.2206952085993322                      6
                    462    -0.8663038178435967                   0.35     0.2063756598553508                      6
                    463    -0.1625042209640619                   0.35     0.5375881658953082                      6
                    464     -1.497662243937149                   0.35     0.1756107501977896                      6
                    465     -1.359038534324293                   0.35     0.1610074140023465                      6
                    466    -0.8325348598313962                   0.35     0.2110765553473496                      6
                    467     -2.440367018575745                   0.35     0.2163481178806549                      6
                    468      2.030746879826718                   0.35     0.2464064404021069                      6
                    469      2.502433513709307                   0.35     0.1970154465592302                      6
                    470      0.908714569666464                   0.35     0.1622740279106454                      6
                    471      1.529685203985098                   0.35     0.1582112051668762                      6
                    472      1.945147518541786                   0.35     0.2311719159431865                      6
                    473    -0.8455362075128385                   0.35     0.2042824013148348                      6
                    474      2.913511996545469                   0.35     0.1245703086354921                      6
                    475      -2.61984754613701                   0.35     0.1713022624352335                      6
                    476      2.807066805041874                   0.35      0.136085879919656                      6
                    477     -2.039920439679986                   0.35     0.2545620789142354                      6
                    478      1.542745311973339                   0.35     0.1573138952970502                      6
                    479    -0.8080700660380176                   0.35     0.2129344864952462                      6
                    480     -3.028849775003504                   0.35     0.1149437488661428                      6
                    481     -3.052007357384316                   0.35     0.1130576763915289                      6
                    482       0.86214910774369                   0.35     0.1700935695212848                      6
                    483     -1.773428399568359                   0.35      0.212809536907434                      6
                    484     -1.289767031345198                   0.35      0.152458094462521                      6
                    485     0.9072137190690306                   0.35     0.1583260665076537                      6
                    486      3.135033560041594                   0.35     0.1104239628115501                      6
                    487    -0.5342670862274783                   0.35     0.3354337538762525                      6
                    488     -1.328853087119255                   0.35      0.152181035376673                      6
                    489     -1.261422806141501                   0.35     0.1483688418442477                      6
                    490     -2.688939049744481                   0.35     0.1527793888647983                      6
                    491     -1.419517650180619                   0.35     0.1555429373834679                      6
                    492      -1.20317047863583                   0.35     0.1454297771396801                      6
                    493     -2.137447870653595                   0.35     0.2491641181021283                      6
                    494      2.720045013486655                   0.35     0.1471936974347748                      6
                    495      2.929628830266642                   0.35     0.1177179239861781                      6
                    496      3.100379107124084                   0.35     0.1081268418194827                      6
                    497      2.472575084162653                   0.35     0.1946043622770713                      6
                    498       -2.9896362057038                   0.35     0.1121033452478013                      6
                    499      2.534704253144421                   0.35     0.1790120978112933                      6
                    500     -3.122142800278011                   0.35     0.1060167382630565                      6
                    501      2.275760909600325                   0.35     0.2240455818026121                      6
                    502      2.822173596717438                   0.35     0.1245927795756478                      6
                    503     -2.761586594320509                   0.35      0.135754486671611                      6
                    504      1.428852776734324                   0.35     0.1398745433138599                      6
                    505     0.6361174895397017                   0.35     0.2392233188060663                      6
                    506    -0.5509529551311614                   0.35     0.3172211206614728                      6
                    507     0.6678681353335962                   0.35     0.2229763165097634                      6
                    508     0.6103111866353874                   0.35     0.2424380580828216                      6
                    509     -2.612542173914738                   0.35     0.1625349705405417                      6
                    510      2.719987638250497                   0.35     0.1383968713604036                      6
                    511     -2.873755074283647                   0.35     0.1182676110668036                      6
                    512      2.364648320227852                   0.35     0.2054249910379802                      6
                    513      1.624349048625895                   0.35     0.1663109516469779                      6
                    514      1.198116225540991                   0.35     0.1247303680533966                      6
                    515     -1.192659311213338                   0.35     0.1435857108214167                      6
                    516     0.7779802895162629                   0.35     0.1797339634535973                      6
                    517     -1.163087601489805                   0.35     0.1429151738982097                      6
                    518     -1.897978482990427                   0.35     0.2236880129347376                      6
                    519      -3.08256490300446                   0.35     0.1033129390736728                      6
                    520      2.857340486638667                   0.35     0.1167097215240308                      6
                    521    -0.7060231229035865                   0.35     0.2336588204713914                      6
                    522    -0.8509866448046255                   0.35      0.182172468336247                      6
                    523      2.090044028566869                   0.35     0.2273348832924521                      6
                    524      1.424332313433794                   0.35     0.1346833138910737                      6
                    525      1.806847435063275                   0.35     0.1939915383678206                      6
                    526      3.013798759706964                   0.35     0.1036291980176805                      6
                    527     -3.125695000833119                   0.35     0.1005954022822862                      6
                    528      3.140665062384485                   0.35    0.09978915519885158                      6
                    529      2.398098236631492                   0.35     0.1924805415669609                      6
                    530     -2.959886259255635                   0.35     0.1065669500383236                      6
                    531     -1.090771713117517                   0.35     0.1426988851251025                      6
                    532      2.362644616590732                   0.35     0.1960091517285191                      6
                    533      1.459706900419921                   0.35     0.1361897833156702                      6
                    534      1.141523080952931                   0.35     0.1221410267299568                      6
                    535      -1.92577415159954                   0.35     0.2242858316471236                      6
                    536      1.081231588604556                   0.35     0.1244073838912534                      6
                    537     -1.392418085171389                   0.35     0.1443405695537559                      6
                    538      2.327884483216831                   0.35     0.1987098673097465                      6
                    539      2.643116839099499                   0.35     0.1415745483258416                      6
                    540        1.7415332489024                   0.35     0.1767908587311548                      6
                    541     -3.140200700232384                   0.35    0.09785991544119087                      6
                    542     -0.837048356553348                   0.35     0.1817417713209179                      6
                    543     -1.238192412228332                   0.35     0.1351751939332482                      6
                    544     0.8604245200723346                   0.35     0.1544627976162909                      6
                    545    -0.8181353226103725                   0.35     0.1840162605266619                      6
                    546      1.227945827763835                   0.35     0.1177348623616036                      6
                    547     -2.418581525589035                   0.35     0.2004080900123261                      6
                    548     -2.911504234728773                   0.35     0.1087022301308163                      6
                    549     -1.917892641861417                   0.35     0.2177053092140807                      6
                    550      -2.96724749324906                   0.35     0.1032500650824572                      6
                    551     0.6682326029734398                   0.35     0.2087184486423239                      6
                    552     -3.043962813499898                   0.35    0.09819614036091599                      6
                    553     -3.008952895753886                   0.35    0.09924882735351725                      6
                    554     -1.116907326976186                   0.35     0.1349600346768893                      6
                    555     -1.525758962298604                   0.35     0.1531957477112545                      6
                    556     -2.759662753669645                   0.35      0.124824588477618                      6
                    557     -2.130116262082491                   0.35     0.2302757373743792                      6
                    558      1.839845648824276                   0.35     0.1903578973421172                      6
                    559     0.4759966489564817                   0.35     0.2902745584502014                      6
                    560      1.124913352204362                   0.35     0.1174104048166585                      6
                    561     -2.095826395140914                   0.35     0.2263339678694198                      6
                    562      2.751155856905749                   0.35     0.1220547704188902                      6
                    563         2.177875499019                   0.35     0.2077966709922516                      6
                    564      2.712201782524872                   0.35     0.1262383873047293                      6
                    565    -0.5000395727582636                   0.35     0.3242515512484516                      6
                    566     -1.155282031410319                   0.35     0.1308808197126154                      6
                    567    -0.2999636195865492                   0.35     0.4322854658236655                      6
                    568    -0.4753984655561703                   0.35     0.3229536616182661                      6
                    569      1.927701450507401                   0.35     0.1973310256167076                      6
                    570      0.481855790700485                   0.35     0.2804813737570725                      6
                    571     0.1179294081285631                   0.35     0.4479871407381693                      6
                    572      2.356488438553706                   0.35      0.183781157507851                      6
                    573      3.135115576449335                   0.35    0.09330292749060499                      6
                    574     -2.673288245100557                   0.35     0.1371802716855228                      6
                    575     -1.198652770698286                   0.35     0.1285578274689067                      6
                    576     -2.070166345291305                   0.35     0.2213373404984698                      6
                    577     -2.753976480331126                   0.35     0.1220430133264729                      6
                    578     -2.572214600867753                   0.35     0.1540374076359176                      6
                    579      2.547399103961986                   0.35     0.1501783657605788                      6
                    580      2.640585705323957                   0.35     0.1333152793233162                      6
                    581     -3.124068724211992                   0.35    0.09132947448105107                      6
                    582       1.59893842844005                   0.35     0.1461202028242739                      6
                    583      1.650905154962086                   0.35     0.1523592874922387                      6
                    584      1.320114736857963                   0.35     0.1157626843589935                      6
                    585     -2.963570745132743                   0.35    0.09695583959076749                      6
                    586    -0.2127822913699164                   0.35     0.4404214156767302                      6
                    587     -1.340041900710574                   0.35     0.1313183388709707                      6
                    588      2.833372791269023                   0.35     0.1059369638454389                      6
                    589     -3.054218566234058                   0.35    0.09142347022120553                      6
                    590     -3.060995717272637                   0.35    0.09063905090591988                      6
                    591      2.938404022452191                   0.35    0.09531848061110385                      6
                    592    -0.9120750984597272                   0.35     0.1501929284732416                      6
                    593    -0.9929277078413357                   0.35     0.1369502226977388                      6
                    594     -1.255318439297977                   0.35     0.1251712520740709                      6
                    595     -1.165437629952209                   0.35     0.1236743913371803                      6
                    596     0.8800770490592296                   0.35     0.1413094480750445                      6
                    597     -3.094488251756491                   0.35    0.08878174874878504                      6
                    598     -2.762399285534682                   0.35     0.1158514875997546                      6
                    599      -2.06605228885952                   0.35     0.2160590533186527                      6
                    600      3.035191410267442                   0.35    0.08900562396929573                      6
                    601     -2.927132440818876                   0.35    0.09573997843514792                      6
                    602     -2.932935227428676                   0.35    0.09466488474427658                      6
                    603     -2.573878514563491                   0.35     0.1471554365909215                      6
                    604      2.335335399504277                   0.35      0.180127316174359                      6
                    605      1.230290588767185                   0.35     0.1117818071485195                      6
                    606      1.713403362568473                   0.35     0.1588694440279008                      6
                    607       2.69820480512592                   0.35     0.1191140494519058                      6
                    608     -2.967799719405067                   0.35     0.0909327811034948                      6
                    609    -0.8421108668957062                   0.35     0.1598968318796166                      6
                    610    -0.5826475477790574                   0.35     0.2482385521572541                      6
                    611     -2.594385402525455                   0.35     0.1410539104056197                      6
                    612     -2.617962948700248                   0.35      0.135099123386528                      6
                    613      2.775326532839992                   0.35     0.1075300802741603                      6
                    614      1.362909624945219                   0.35     0.1152346665375172                      6
                    615     -1.451468641605695                   0.35      0.135300367202243                      6
                    616      2.591447706018157                   0.35     0.1339285195471334                      6
                    617      2.846871213284267                   0.35    0.09807178040891912                      6
                    618     -2.459814970776284                   0.35     0.1664554944706925                      6
                    619     -2.861857811442306                   0.35    0.09695855693059562                      6
                    620      1.115613129133902                   0.35     0.1121221240121599                      6
                    621     -1.364173180343802                   0.35     0.1264813160236402                      6
                    622    -0.7028300938060186                   0.35     0.1952593645472175                      6
                    623      -1.29338158449531                   0.35     0.1210421296236481                      6
                    624     -1.699762939352505                   0.35     0.1651205488566967                      6
                    625      3.003685640742555                   0.35    0.08593960446931882                      6
                    626    -0.5565516922390707                   0.35     0.2527898202732879                      6
                    627      2.128491202673493                   0.35     0.1937378926802179                      6
                    628       2.92384823524496                   0.35    0.09006576024496801                      6
                    629      3.064893175365803                   0.35    0.08282191210548773                      6
                    630     -2.427422959622037                   0.35     0.1703910175570095                      6
                    631      3.083317886787114                   0.35    0.08192001836524496                      6
                    632      2.538226139802906                   0.35     0.1388517419267194                      6
                    633     -2.462440197506354                   0.35     0.1612095395493764                      6
