#! FIELDS time phi metad.bias
#! SET min_phi -pi
#! SET max_phi pi
 0.000000 3.070553 0.000000
 1.000000 -3.140981 0.000000
 2.000000 -3.103522 1.193147
 3.000000 -2.430858 0.342491
 4.000000 0.944448 0.000000
 5.000000 1.224990 0.870300
 6.000000 1.269284 1.970504
 7.000000 1.281975 3.137175
 8.000000 1.365342 4.011691
 9.000000 1.150033 5.425803
 10.000000 1.243827 6.707822
 11.000000 -2.975702 2.553224
 12.000000 2.852841 2.165082
 13.000000 -3.007300 4.353365
 14.000000 2.726005 2.891439
 15.000000 -3.076906 6.111146
 16.000000 2.816721 5.451165
 17.000000 -1.029283 0.000000
 18.000000 -0.776101 0.923748
 19.000000 -1.412597 0.905827
 20.000000 -1.220180 2.605419
 21.000000 -1.377938 3.295456
 22.000000 -1.604543 3.119832
 23.000000 -1.107776 5.226151
 24.000000 -1.175634 6.628968
 25.000000 3.080976 8.157471
 26.000000 -2.982137 8.398269
 27.000000 -2.551688 4.175181
 28.000000 -2.297953 3.136696
 29.000000 -2.986018 10.362363
 30.000000 2.881190 9.485620
 31.000000 -2.851088 10.747655
 32.000000 2.816713 9.961425
 33.000000 -2.722441 10.313537
 34.000000 -2.494698 7.996702
 35.000000 -1.503966 6.487132
 36.000000 -0.778061 4.789045
 37.000000 -1.434922 8.428452
 38.000000 -1.187326 10.193567
 39.000000 -1.177664 11.357824
 40.000000 -1.456391 11.217929
 41.000000 0.919944 5.732717
 42.000000 2.876379 12.357491
 43.000000 1.062677 8.348036
 44.000000 -2.657610 11.713441
 45.000000 2.004372 1.329763
 46.000000 1.135785 9.943086
 47.000000 2.474809 5.930323
 48.000000 2.153772 3.479553
 49.000000 1.716109 5.348542
 50.000000 0.933431 9.344480
 51.000000 1.272771 12.156794
 52.000000 1.509218 10.287236
 53.000000 0.891080 10.761500
 54.000000 -2.904929 15.957189
 55.000000 -0.773669 7.530750
 56.000000 -1.389373 13.392957
 57.000000 -0.944256 12.174195
 58.000000 -1.649785 10.479321
 59.000000 2.808470 13.800756
 60.000000 2.076488 5.595960
 61.000000 1.154408 15.307019
 62.000000 3.073610 18.247736
 63.000000 0.833613 11.515119
 64.000000 1.762593 8.742008
 65.000000 0.226807 1.269096
 66.000000 -2.920295 18.479183
 67.000000 2.311360 8.169278
 68.000000 2.677881 14.391735
 69.000000 -0.902456 12.751789
 70.000000 -1.140588 17.185252
 71.000000 2.892511 19.266260
 72.000000 -2.130409 6.560144
 73.000000 2.509015 13.252681
 74.000000 -0.417683 4.318492
 75.000000 -0.046572 2.326669
 76.000000 -0.908385 15.538452
 77.000000 1.709271 11.040147
 78.000000 2.147692 10.419312
 79.000000 -2.035917 7.605329
 80.000000 2.573873 16.291475
 81.000000 1.882121 11.744018
 82.000000 -1.211117 19.667911
 83.000000 2.102690 12.927430
 84.000000 -0.737006 13.553846
 85.000000 -1.471170 18.006785
 86.000000 -2.202301 9.478722
 87.000000 -1.668177 15.050183
 88.000000 -2.734591 17.872345
 89.000000 2.951639 22.873465
 90.000000 1.354292 17.686437
 91.000000 0.968125 16.641994
 92.000000 0.542565 7.355372
 93.000000 0.915190 17.370204
 94.000000 -1.543459 18.960705
 95.000000 3.047238 24.526501
 96.000000 -0.366959 6.743692
 97.000000 0.571876 9.933236
 98.000000 1.500220 18.154647
 99.000000 0.904599 19.386292
 100.000000 1.039464 22.761163
 101.000000 -2.297651 12.411248
 102.000000 2.964438 25.344954
 103.000000 2.598601 20.474481
 104.000000 -2.528636 16.822763
 105.000000 -0.376644 8.126654
 106.000000 -1.583470 19.490106
 107.000000 -1.804391 16.040205
 108.000000 -3.140200 27.354606
 109.000000 3.016191 28.684564
 110.000000 -2.145667 14.297455
 111.000000 1.201135 24.364429
 112.000000 1.578383 19.435527
 113.000000 1.681832 18.795731
 114.000000 1.691681 19.835247
 115.000000 -2.257573 16.052186
 116.000000 -2.022963 16.582581
 117.000000 0.451098 9.658118
 118.000000 0.266167 7.714882
 119.000000 -0.308495 8.775091
 120.000000 0.305131 9.674355
 121.000000 2.779564 26.828726
 122.000000 0.967684 25.237729
 123.000000 2.109984 16.997346
 124.000000 -1.013461 22.491166
 125.000000 -1.034360 24.030498
 126.000000 -0.830696 21.067997
 127.000000 -3.010358 28.837879
 128.000000 -1.948297 18.212761
 129.000000 -1.641645 23.259761
 130.000000 -0.272518 10.476575
 131.000000 -0.661188 18.711615
 132.000000 -1.896096 20.745593
 133.000000 -1.571482 26.414939
 134.000000 -0.709446 21.089209
 135.000000 -1.582684 27.511712
 136.000000 -0.909170 26.778120
 137.000000 -1.122555 30.976286
 138.000000 2.558301 23.467290
 139.000000 -2.689592 23.993862
 140.000000 2.857010 31.112859
 141.000000 3.030403 33.745020
 142.000000 1.099621 28.137858
 143.000000 -2.761200 27.146681
 144.000000 1.554908 24.501891
 145.000000 1.853352 20.846011
 146.000000 1.585522 26.032567
 147.000000 -2.525440 23.875919
 148.000000 1.968236 21.530354
 149.000000 0.286869 11.314755
 150.000000 1.909656 23.380509
 151.000000 2.400196 23.675800
 152.000000 0.835868 25.006081
 153.000000 -0.881420 28.368968
 154.000000 -0.006666 11.249544
 155.000000 0.587107 19.208350
 156.000000 0.536391 19.148208
 157.000000 -0.857819 29.086549
 158.000000 0.168414 14.052470
 159.000000 2.088989 23.626820
 160.000000 1.571267 29.491983
 161.000000 0.446886 19.215157
 162.000000 2.223699 24.743879
 163.000000 -3.130586 35.447765
 164.000000 -2.436916 24.043946
 165.000000 -3.073109 36.272059
 166.000000 -2.670948 29.641954
 167.000000 2.170467 26.052011
 168.000000 -2.657859 30.568976
 169.000000 -0.317923 16.444798
 170.000000 -1.105308 34.041054
 171.000000 -1.285124 34.904602
 172.000000 0.565540 22.891056
 173.000000 -1.320838 35.771926
 174.000000 0.444276 21.605445
 175.000000 0.893086 31.500740
 176.000000 1.341525 33.732458
 177.000000 2.262048 27.258281
 178.000000 0.136734 17.798492
 179.000000 -2.183716 24.214483
 180.000000 -2.312750 26.627399
 181.000000 2.855920 36.822520
 182.000000 3.030581 40.023609
 183.000000 -3.074843 40.680922
 184.000000 0.267528 20.969702
 185.000000 -2.199777 26.734548
 186.000000 -1.216682 37.699339
 187.000000 1.262644 35.547329
 188.000000 -0.371448 19.604458
 189.000000 -1.256681 38.810644
 190.000000 2.148605 28.799742
 191.000000 1.687015 32.433013
 192.000000 1.043968 36.598390
 193.000000 -0.677988 28.817158
 194.000000 0.864480 34.885065
 195.000000 -2.708766 35.457767
 196.000000 2.926476 41.436673
 197.000000 1.159290 39.367224
 198.000000 0.669400 31.975610
 199.000000 -0.470715 23.911186
 200.000000 1.439010 38.082730
 201.000000 2.489230 32.675801
 202.000000 -2.613661 34.946352
 203.000000 -2.876797 41.315012
 204.000000 -3.089766 45.279543
 205.000000 2.826429 42.442318
 206.000000 3.064109 47.414642
 207.000000 -1.503039 36.227740
 208.000000 -2.240591 29.992276
 209.000000 -2.171915 30.266123
 210.000000 -0.152248 20.032135
 211.000000 -0.392125 24.224061
 212.000000 -3.115194 48.579857
 213.000000 1.472020 38.769283
 214.000000 2.827860 45.384916
 215.000000 2.340745 33.296284
 216.000000 1.180013 42.729049
 217.000000 0.707731 34.983014
 218.000000 -0.726249 33.654121
 219.000000 0.962193 42.531707
 220.000000 -2.070818 30.552954
 221.000000 -2.295383 34.241852
 222.000000 -1.627183 35.672022
 223.000000 0.673543 36.046876
 224.000000 0.113108 23.235133
 225.000000 -2.037985 33.091054
 226.000000 2.157749 33.229260
 227.000000 1.730037 37.012998
 228.000000 -1.626034 37.495467
 229.000000 1.738508 38.093190
 230.000000 -2.254427 36.336361
 231.000000 0.149486 24.902434
 232.000000 -0.543789 30.275915
 233.000000 -0.352019 27.340257
 234.000000 -0.123157 25.840016
 235.000000 -2.015070 35.791971
 236.000000 2.189686 35.535054
 237.000000 2.632918 42.245411
 238.000000 -2.329924 39.087323
 239.000000 -1.508374 41.466928
 240.000000 0.141435 27.514175
 241.000000 -1.422392 43.742960
 242.000000 -0.545498 33.381425
 243.000000 -1.463897 44.489538
 244.000000 -1.019620 44.559573
 245.000000 -0.782904 40.774691
 246.000000 -0.390280 32.519561
 247.000000 2.507915 40.494180
 248.000000 -0.282667 31.720984
 249.000000 1.785603 39.475049
 250.000000 3.057546 52.016377
 251.000000 1.698201 41.596738
 252.000000 0.164977 29.991185
 253.000000 0.470634 34.660270
 254.000000 1.445392 45.735364
 255.000000 1.507292 46.213500
 256.000000 -3.104877 52.510111
 257.000000 -2.173836 39.480469
 258.000000 -1.762398 41.407168
 259.000000 -2.947361 50.958653
 260.000000 1.037813 47.816057
 261.000000 0.794462 43.954389
 262.000000 0.762056 44.321080
 263.000000 0.407914 36.450244
 264.000000 -0.677884 40.956622
 265.000000 -1.820399 41.904647
 266.000000 -1.489572 47.900147
 267.000000 -1.513514 48.772217
 268.000000 -2.097579 42.518603
 269.000000 2.292415 39.676423
 270.000000 0.535426 40.577916
 271.000000 2.444420 42.431579
 272.000000 1.406087 49.795458
 273.000000 1.775315 45.068047
 274.000000 0.726684 46.605928
 275.000000 2.627492 47.485742
 276.000000 2.496530 45.798248
 277.000000 2.540558 47.874742
 278.000000 -1.626413 48.575627
 279.000000 -0.882774 46.698687
 280.000000 1.789379 46.412137
 281.000000 0.455112 40.779168
 282.000000 -0.217345 34.067839
 283.000000 -2.444597 44.213959
 284.000000 1.653023 49.474682
 285.000000 -1.255654 52.864234
 286.000000 -2.620529 46.769733
 287.000000 -0.835502 47.757666
 288.000000 -0.522999 41.449936
 289.000000 -2.141100 45.418574
 290.000000 -0.944671 51.763901
 291.000000 -2.625787 48.493223
 292.000000 -2.894482 53.728156
 293.000000 -2.558649 49.835708
 294.000000 -2.133019 47.746802
 295.000000 1.770014 49.005670
 296.000000 -2.834834 54.891961
 297.000000 -0.508553 42.856907
 298.000000 -1.243669 55.824345
 299.000000 1.165071 54.702828
 300.000000 0.163422 36.524044
 301.000000 -0.621417 47.289417
 302.000000 1.391439 55.273913
 303.000000 -1.461907 55.423215
 304.000000 2.200194 46.053144
 305.000000 -2.982910 58.193631
 306.000000 2.436163 48.679961
 307.000000 -2.514544 52.565792
 308.000000 3.029084 60.363838
 309.000000 -2.601599 54.986655
 310.000000 -2.191540 51.170748
 311.000000 -2.140462 51.824200
 312.000000 -1.131466 57.838668
 313.000000 -0.116218 37.310890
 314.000000 -2.157576 53.214167
 315.000000 1.098702 56.477704
 316.000000 0.554777 46.202870
 317.000000 -1.618468 55.372289
 318.000000 2.477463 50.806418
 319.000000 2.668016 55.747469
 320.000000 -2.734528 59.074938
 321.000000 2.278306 50.232066
 322.000000 2.196464 50.817903
 323.000000 1.447941 57.101092
 324.000000 0.558885 47.553257
 325.000000 -1.370845 59.883016
 326.000000 3.104283 63.778876
 327.000000 2.741114 60.151158
 328.000000 -0.275664 41.040165
 329.000000 0.056405 39.613670
 330.000000 -0.850180 55.700498
 331.000000 -0.485516 47.978032
 332.000000 -0.924805 58.971356
 333.000000 1.541866 57.220394
 334.000000 0.165525 41.961499
 335.000000 -0.821811 58.207876
 336.000000 -1.937059 53.959742
 337.000000 -1.768920 56.256713
 338.000000 -3.092560 65.394340
 339.000000 2.560590 57.922057
 340.000000 2.396992 56.005523
 341.000000 1.018685 58.833811
 342.000000 -0.695515 56.456188
 343.000000 -0.306772 46.747330
 344.000000 0.420473 47.531990
 345.000000 0.768324 56.063884
 346.000000 -0.016605 44.079118
 347.000000 1.367128 61.203063
 348.000000 1.471035 61.157268
 349.000000 2.042895 54.152256
 350.000000 1.701798 59.000532
 351.000000 1.905344 57.145402
 352.000000 0.829273 59.185002
 353.000000 1.683229 61.562295
 354.000000 -0.497871 53.599500
 355.000000 -3.007322 66.014280
 356.000000 2.341478 58.247542
 357.000000 -2.603085 60.691276
 358.000000 -2.672613 62.828922
 359.000000 -2.709081 64.557541
 360.000000 2.997618 68.988489
 361.000000 -3.078991 70.827155
 362.000000 1.477598 65.417338
 363.000000 1.927009 60.188868
 364.000000 -1.512629 61.685503
 365.000000 -2.940295 70.709033
 366.000000 2.728997 66.593366
 367.000000 -0.750928 60.735166
 368.000000 -0.850042 63.624828
 369.000000 -1.664981 60.292275
 370.000000 -1.477557 64.852613
 371.000000 -1.801087 60.078895
 372.000000 -0.216325 48.699906
 373.000000 0.736795 58.477607
 374.000000 -0.026179 47.217264
 375.000000 0.723671 59.474672
 376.000000 1.290045 68.074468
 377.000000 2.179505 60.145274
 378.000000 2.962210 72.462662
 379.000000 -2.628725 66.438233
 380.000000 -1.384007 67.839938
 381.000000 -3.127858 75.252235
 382.000000 0.089765 48.372300
 383.000000 -3.004937 75.628982
 384.000000 1.501525 68.376670
 385.000000 0.299674 51.673229
 386.000000 -1.704154 63.747378
 387.000000 0.360384 53.918301
 388.000000 2.451904 64.001600
 389.000000 -2.307604 62.682029
 390.000000 -2.125862 62.000164
 391.000000 -1.888681 63.340938
 392.000000 2.765918 71.836719
 393.000000 1.165692 69.707533
 394.000000 -0.311359 54.144974
 395.000000 -1.520256 69.438937
 396.000000 -0.506460 59.596567
 397.000000 2.020733 62.979294
 398.000000 2.297039 64.625146
 399.000000 -2.585827 69.387054
 400.000000 2.068331 64.938355
 401.000000 -2.665626 72.085805
 402.000000 2.260065 66.563710
 403.000000 1.823633 68.223336
 404.000000 -0.283328 55.801908
 405.000000 0.904625 67.110230
 406.000000 2.902229 76.938833
 407.000000 1.133075 71.833931
 408.000000 -0.733572 65.971339
 409.000000 0.683521 63.798628
 410.000000 0.760460 66.973323
 411.000000 -0.980162 70.056707
 412.000000 0.563501 62.825551
 413.000000 -0.988122 71.326145
 414.000000 -2.056984 65.002277
 415.000000 -2.358849 68.767700
 416.000000 0.972863 73.135035
 417.000000 -0.713185 68.625528
 418.000000 -2.691314 74.954856
 419.000000 2.951710 79.187352
 420.000000 1.299060 75.447509
 421.000000 -1.837845 67.599482
 422.000000 -1.474256 73.319063
 423.000000 -2.584164 74.575673
 424.000000 1.517379 74.478206
 425.000000 -3.028375 82.173593
 426.000000 2.335251 69.387897
 427.000000 2.579465 73.768748
 428.000000 -2.777444 79.990606
 429.000000 -0.897513 72.976726
 430.000000 -1.579537 73.451264
 431.000000 0.397544 59.856184
 432.000000 -0.078242 55.298593
 433.000000 -1.103845 76.292791
 434.000000 -1.367254 77.613051
 435.000000 -1.830390 71.333645
 436.000000 -1.503599 78.187257
 437.000000 1.255821 77.794738
 438.000000 -1.923145 71.963265
 439.000000 0.927765 75.826415
 440.000000 -0.143783 57.304662
 441.000000 0.439205 63.450585
 442.000000 2.310498 71.297060
 443.000000 2.996755 83.504611
 444.000000 -0.883529 76.116467
 445.000000 -1.806069 74.921625
 446.000000 0.084173 58.008131
 447.000000 0.732424 73.271869
 448.000000 -0.426836 65.835222
 449.000000 -0.312310 64.075222
 450.000000 0.428253 66.100803
 451.000000 1.128139 80.606062
 452.000000 2.280947 72.387708
 453.000000 1.685186 74.918621
 454.000000 -0.184073 62.818983
 455.000000 -1.129770 80.936709
 456.000000 0.379714 66.520917
 457.000000 1.806763 74.296464
 458.000000 -2.191831 73.128966
 459.000000 2.535906 76.842211
 460.000000 -2.755101 81.642024
 461.000000 -1.200331 82.607332
 462.000000 0.567054 72.560283
