#! FIELDS time phi sigma_phi height biasf
#! SET multivariate false
#! SET kerneltype gaussian
#! SET min_phi -pi
#! SET max_phi pi
                      1     -3.140980837109288                   0.35                    1.2                     -1
                      2     -3.103521797323049                   0.35                    1.2                     -1
                      3     -2.430857572518075                   0.35                    1.2                     -1
                      4      0.944448360815155                   0.35                    1.2                     -1
                      5      1.224989654198859                   0.35                    1.2                     -1
                      6      1.269284126273735                   0.35                    1.2                     -1
                      7      1.281975136521681                   0.35                    1.2                     -1
                      8      1.365341866014698                   0.35                    1.2                     -1
                      9      1.150032723932557                   0.35                    1.2                     -1
                     10      1.243827435671106                   0.35                    1.2                     -1
                     11     -2.975702144377698                   0.35                    1.2                     -1
                     12      2.852841154941478                   0.35                    1.2                     -1
                     13      -3.00729995240109                   0.35                    1.2                     -1
                     14      2.726004696667096                   0.35                    1.2                     -1
                     15     -3.076906256047048                   0.35                    1.2                     -1
                     16      2.816721125293422                   0.35                    1.2                     -1
                     17     -1.029283087247475                   0.35                    1.2                     -1
                     18    -0.7761010489625466                   0.35                    1.2                     -1
                     19       -1.4125970011337                   0.35                    1.2                     -1
                     20     -1.220179524008075                   0.35                    1.2                     -1
                     21     -1.377938192937453                   0.35                    1.2                     -1
                     22     -1.604543273021467                   0.35                    1.2                     -1
                     23     -1.107775986824663                   0.35                    1.2                     -1
                     24     -1.175634330362406                   0.35                    1.2                     -1
                     25      3.080976095377281                   0.35                    1.2                     -1
                     26     -2.982136669511765                   0.35                    1.2                     -1
                     27     -2.551687619870708                   0.35                    1.2                     -1
                     28     -2.297952910310427                   0.35                    1.2                     -1
                     29     -2.986018078398739                   0.35                    1.2                     -1
                     30      2.881189805174585                   0.35                    1.2                     -1
                     31     -2.851087914755469                   0.35                    1.2                     -1
                     32      2.816713401581698                   0.35                    1.2                     -1
                     33     -2.722441135057147                   0.35                    1.2                     -1
                     34     -2.494698153160313                   0.35                    1.2                     -1
                     35     -1.503965986994332                   0.35                    1.2                     -1
                     36    -0.7780608571115115                   0.35                    1.2                     -1
                     37     -1.434922371725265                   0.35                    1.2                     -1
                     38     -1.187325896372791                   0.35                    1.2                     -1
                     39     -1.177663538791457                   0.35                    1.2                     -1
                     40     -1.456390623017942                   0.35                    1.2                     -1
                     41      0.919943843645977                   0.35                    1.2                     -1
                     42      2.876379121498782                   0.35                    1.2                     -1
                     43      1.062677364645671                   0.35                    1.2                     -1
                     44     -2.657609760892865                   0.35                    1.2                     -1
                     45      2.004372474408207                   0.35                    1.2                     -1
                     46      1.135784583703272                   0.35                    1.2                     -1
                     47      2.474808765237203                   0.35                    1.2                     -1
                     48      2.153772196586758                   0.35                    1.2                     -1
                     49        1.7161094464613                   0.35                    1.2                     -1
                     50     0.9334313021670475                   0.35                    1.2                     -1
                     51      1.272770801410965                   0.35                    1.2                     -1
                     52      1.509218076542801                   0.35                    1.2                     -1
                     53     0.8910804237181464                   0.35                    1.2                     -1
                     54     -2.904928815877167                   0.35                    1.2                     -1
                     55    -0.7736687616136404                   0.35                    1.2                     -1
                     56     -1.389373083456185                   0.35                    1.2                     -1
                     57    -0.9442561199225499                   0.35                    1.2                     -1
                     58      -1.64978460584886                   0.35                    1.2                     -1
                     59      2.808469740180469                   0.35                    1.2                     -1
                     60      2.076488013793281                   0.35                    1.2                     -1
                     61      1.154408060895225                   0.35                    1.2                     -1
                     62      3.073610443215803                   0.35                    1.2                     -1
                     63     0.8336125778462495                   0.35                    1.2                     -1
                     64      1.762593048261236                   0.35                    1.2                     -1
                     65     0.2268069550943466                   0.35                    1.2                     -1
                     66     -2.920295338576214                   0.35                    1.2                     -1
                     67      2.311360169649451                   0.35                    1.2                     -1
                     68      2.677881465712436                   0.35                    1.2                     -1
                     69    -0.9024559250530801                   0.35                    1.2                     -1
                     70     -1.140588313202887                   0.35                    1.2                     -1
                     71      2.892511046583125                   0.35                    1.2                     -1
                     72     -2.130409436916364                   0.35                    1.2                     -1
                     73        2.5090149874108                   0.35                    1.2                     -1
                     74     -0.417682960825787                   0.35                    1.2                     -1
                     75   -0.04657189384854599                   0.35                    1.2                     -1
                     76    -0.9083846392551451                   0.35                    1.2                     -1
                     77      1.709271424265497                   0.35                    1.2                     -1
                     78      2.147691892621978                   0.35                    1.2                     -1
                     79     -2.035917277453729                   0.35                    1.2                     -1
                     80      2.573873120106379                   0.35                    1.2                     -1
                     81      1.882120572229345                   0.35                    1.2                     -1
                     82     -1.211116819893465                   0.35                    1.2                     -1
                     83      2.102690240946482                   0.35                    1.2                     -1
                     84    -0.7370061088342239                   0.35                    1.2                     -1
                     85     -1.471169744142212                   0.35                    1.2                     -1
                     86     -2.202300917853504                   0.35                    1.2                     -1
                     87     -1.668177044700085                   0.35                    1.2                     -1
                     88     -2.734590531061114                   0.35                    1.2                     -1
                     89      2.951639336321853                   0.35                    1.2                     -1
                     90      1.354291703581882                   0.35                    1.2                     -1
                     91     0.9681249093494184                   0.35                    1.2                     -1
                     92     0.5425646644420592                   0.35                    1.2                     -1
                     93     0.9151897444294654                   0.35                    1.2                     -1
                     94     -1.543459278815513                   0.35                    1.2                     -1
                     95      3.047237981407627                   0.35                    1.2                     -1
                     96    -0.3669590255882298                   0.35                    1.2                     -1
                     97     0.5718759056088887                   0.35                    1.2                     -1
                     98      1.500220234111636                   0.35                    1.2                     -1
                     99     0.9045994856950923                   0.35                    1.2                     -1
                    100      1.039464455492151                   0.35                    1.2                     -1
                    101     -2.297651231545099                   0.35                    1.2                     -1
                    102      2.964437862861141                   0.35                    1.2                     -1
                    103      2.598600549334846                   0.35                    1.2                     -1
                    104      -2.52863641522426                   0.35                    1.2                     -1
                    105    -0.3766443384377074                   0.35                    1.2                     -1
                    106     -1.583470264029719                   0.35                    1.2                     -1
                    107     -1.804391468738491                   0.35                    1.2                     -1
                    108     -3.140200024632011                   0.35                    1.2                     -1
                    109      3.016191266868151                   0.35                    1.2                     -1
                    110     -2.145667387803316                   0.35                    1.2                     -1
                    111      1.201134954414683                   0.35                    1.2                     -1
                    112      1.578383069496665                   0.35                    1.2                     -1
                    113      1.681831713672392                   0.35                    1.2                     -1
                    114      1.691681176781172                   0.35                    1.2                     -1
                    115     -2.257572700872265                   0.35                    1.2                     -1
                    116      -2.02296342642732                   0.35                    1.2                     -1
                    117     0.4510979470404273                   0.35                    1.2                     -1
                    118     0.2661667117945932                   0.35                    1.2                     -1
                    119    -0.3084951018085462                   0.35                    1.2                     -1
                    120     0.3051306069482944                   0.35                    1.2                     -1
                    121      2.779564125120934                   0.35                    1.2                     -1
                    122     0.9676835750791994                   0.35                    1.2                     -1
                    123      2.109984177072753                   0.35                    1.2                     -1
                    124     -1.013461200514439                   0.35                    1.2                     -1
                    125     -1.034360334769411                   0.35                    1.2                     -1
                    126    -0.8306963599729977                   0.35                    1.2                     -1
                    127     -3.010358018870404                   0.35                    1.2                     -1
                    128     -1.948296832353169                   0.35                    1.2                     -1
                    129     -1.641645019153295                   0.35                    1.2                     -1
                    130    -0.2725178778303476                   0.35                    1.2                     -1
                    131    -0.6611882656169068                   0.35                    1.2                     -1
                    132     -1.896096363449468                   0.35                    1.2                     -1
                    133      -1.57148202278019                   0.35                    1.2                     -1
                    134    -0.7094455640963746                   0.35                    1.2                     -1
                    135     -1.582684280663482                   0.35                    1.2                     -1
                    136    -0.9091701312677904                   0.35                    1.2                     -1
                    137     -1.122555008969096                   0.35                    1.2                     -1
                    138      2.558300589660569                   0.35                    1.2                     -1
                    139     -2.689592185043491                   0.35                    1.2                     -1
                    140      2.857010347434723                   0.35                    1.2                     -1
                    141      3.030402960569738                   0.35                    1.2                     -1
                    142      1.099620789421797                   0.35                    1.2                     -1
                    143     -2.761199969867834                   0.35                    1.2                     -1
                    144      1.554908342060131                   0.35                    1.2                     -1
                    145      1.853352365412969                   0.35                    1.2                     -1
                    146      1.585522405920022                   0.35                    1.2                     -1
                    147      -2.52544014905623                   0.35                    1.2                     -1
                    148      1.968236161379472                   0.35                    1.2                     -1
                    149     0.2868686619381977                   0.35                    1.2                     -1
                    150      1.909656296961377                   0.35                    1.2                     -1
                    151      2.400196000123191                   0.35                    1.2                     -1
                    152     0.8358675736590904                   0.35                    1.2                     -1
                    153    -0.8814204120232776                   0.35                    1.2                     -1
                    154  -0.006666370620469486                   0.35                    1.2                     -1
                    155     0.5871073443156094                   0.35                    1.2                     -1
                    156     0.5363913813140559                   0.35                    1.2                     -1
                    157    -0.8578192756584477                   0.35                    1.2                     -1
                    158     0.1684139119771277                   0.35                    1.2                     -1
                    159       2.08898940531231                   0.35                    1.2                     -1
                    160      1.571267357637365                   0.35                    1.2                     -1
                    161      0.446886104115352                   0.35                    1.2                     -1
                    162      2.223698937463517                   0.35                    1.2                     -1
                    163     -3.130586060353773                   0.35                    1.2                     -1
                    164     -2.436915638381906                   0.35                    1.2                     -1
                    165     -3.073109408875891                   0.35                    1.2                     -1
                    166     -2.670948001746278                   0.35                    1.2                     -1
                    167      2.170467356309048                   0.35                    1.2                     -1
                    168     -2.657859016258834                   0.35                    1.2                     -1
                    169    -0.3179234910350521                   0.35                    1.2                     -1
                    170     -1.105308465843314                   0.35                    1.2                     -1
                    171     -1.285124190999762                   0.35                    1.2                     -1
                    172     0.5655404218597573                   0.35                    1.2                     -1
                    173     -1.320837838578588                   0.35                    1.2                     -1
                    174     0.4442760752269939                   0.35                    1.2                     -1
                    175     0.8930856856175851                   0.35                    1.2                     -1
                    176      1.341524900983845                   0.35                    1.2                     -1
                    177      2.262048083925557                   0.35                    1.2                     -1
                    178      0.136734490084816                   0.35                    1.2                     -1
                    179     -2.183715531883381                   0.35                    1.2                     -1
                    180     -2.312750464033204                   0.35                    1.2                     -1
                    181      2.855920384333117                   0.35                    1.2                     -1
                    182      3.030580545278015                   0.35                    1.2                     -1
                    183     -3.074842680307174                   0.35                    1.2                     -1
                    184     0.2675278455901182                   0.35                    1.2                     -1
                    185     -2.199776706478539                   0.35                    1.2                     -1
                    186     -1.216681810258722                   0.35                    1.2                     -1
                    187       1.26264406384875                   0.35                    1.2                     -1
                    188    -0.3714483050903654                   0.35                    1.2                     -1
                    189     -1.256681371272243                   0.35                    1.2                     -1
                    190      2.148604707364377                   0.35                    1.2                     -1
                    191      1.687015096690118                   0.35                    1.2                     -1
                    192      1.043967913775962                   0.35                    1.2                     -1
                    193     -0.677988291044596                   0.35                    1.2                     -1
                    194     0.8644796151787695                   0.35                    1.2                     -1
                    195     -2.708766382059599                   0.35                    1.2                     -1
                    196      2.926476102296617                   0.35                    1.2                     -1
                    197       1.15928983891525                   0.35                    1.2                     -1
                    198     0.6693996036222725                   0.35                    1.2                     -1
                    199    -0.4707149062654299                   0.35                    1.2                     -1
                    200      1.439010094953738                   0.35                    1.2                     -1
                    201       2.48923013645279                   0.35                    1.2                     -1
                    202     -2.613661201603697                   0.35                    1.2                     -1
                    203     -2.876797211665434                   0.35                    1.2                     -1
                    204     -3.089766136839129                   0.35                    1.2                     -1
                    205      2.826428709123343                   0.35                    1.2                     -1
                    206      3.064108901388002                   0.35                    1.2                     -1
                    207     -1.503039427016176                   0.35                    1.2                     -1
                    208     -2.240591091124252                   0.35                    1.2                     -1
                    209      -2.17191530486415                   0.35                    1.2                     -1
                    210    -0.1522479871950435                   0.35                    1.2                     -1
                    211    -0.3921248642857997                   0.35                    1.2                     -1
                    212     -3.115193710780005                   0.35                    1.2                     -1
                    213      1.472019793300707                   0.35                    1.2                     -1
                    214      2.827860066853352                   0.35                    1.2                     -1
                    215      2.340744936026579                   0.35                    1.2                     -1
                    216      1.180013431631962                   0.35                    1.2                     -1
                    217     0.7077311352779967                   0.35                    1.2                     -1
                    218    -0.7262488175625421                   0.35                    1.2                     -1
                    219     0.9621931115981965                   0.35                    1.2                     -1
                    220     -2.070818491357503                   0.35                    1.2                     -1
                    221     -2.295383318438308                   0.35                    1.2                     -1
                    222     -1.627183003289518                   0.35                    1.2                     -1
                    223     0.6735432499838296                   0.35                    1.2                     -1
                    224     0.1131080446542434                   0.35                    1.2                     -1
                    225      -2.03798494520914                   0.35                    1.2                     -1
                    226      2.157749051760614                   0.35                    1.2                     -1
                    227      1.730037135680282                   0.35                    1.2                     -1
                    228     -1.626033862805883                   0.35                    1.2                     -1
                    229      1.738508109853215                   0.35                    1.2                     -1
                    230     -2.254427440168906                   0.35                    1.2                     -1
                    231     0.1494863084275373                   0.35                    1.2                     -1
                    232    -0.5437889125677118                   0.35                    1.2                     -1
                    233    -0.3520186855514909                   0.35                    1.2                     -1
                    234    -0.1231568633712707                   0.35                    1.2                     -1
                    235      -2.01507008858017                   0.35                    1.2                     -1
                    236      2.189685800505909                   0.35                    1.2                     -1
                    237      2.632917860856117                   0.35                    1.2                     -1
                    238     -2.329924469838588                   0.35                    1.2                     -1
                    239     -1.508373687333458                   0.35                    1.2                     -1
                    240      0.141434665132401                   0.35                    1.2                     -1
                    241     -1.422391902351366                   0.35                    1.2                     -1
                    242    -0.5454981291377279                   0.35                    1.2                     -1
                    243     -1.463896769443712                   0.35                    1.2                     -1
                    244     -1.019619977591422                   0.35                    1.2                     -1
                    245    -0.7829035631589423                   0.35                    1.2                     -1
                    246    -0.3902800101516486                   0.35                    1.2                     -1
                    247        2.5079146849245                   0.35                    1.2                     -1
                    248    -0.2826674341039452                   0.35                    1.2                     -1
                    249      1.785603081022621                   0.35                    1.2                     -1
                    250      3.057545901406727                   0.35                    1.2                     -1
                    251      1.698200697610295                   0.35                    1.2                     -1
                    252     0.1649768391293369                   0.35                    1.2                     -1
                    253     0.4706338883760672                   0.35                    1.2                     -1
                    254      1.445391797066353                   0.35                    1.2                     -1
                    255      1.507292167841508                   0.35                    1.2                     -1
                    256     -3.104876589817916                   0.35                    1.2                     -1
                    257     -2.173835774105474                   0.35                    1.2                     -1
                    258     -1.762397584906545                   0.35                    1.2                     -1
                    259     -2.947360780610869                   0.35                    1.2                     -1
                    260      1.037813167171597                   0.35                    1.2                     -1
                    261     0.7944624210141793                   0.35                    1.2                     -1
                    262     0.7620559387645631                   0.35                    1.2                     -1
                    263     0.4079141419300907                   0.35                    1.2                     -1
                    264    -0.6778844723889716                   0.35                    1.2                     -1
                    265     -1.820398686383625                   0.35                    1.2                     -1
                    266     -1.489572076661709                   0.35                    1.2                     -1
                    267     -1.513514086318316                   0.35                    1.2                     -1
                    268     -2.097578793123628                   0.35                    1.2                     -1
                    269      2.292415198718047                   0.35                    1.2                     -1
                    270     0.5354263595901525                   0.35                    1.2                     -1
                    271      2.444419989486733                   0.35                    1.2                     -1
                    272      1.406087152239595                   0.35                    1.2                     -1
                    273      1.775315017044621                   0.35                    1.2                     -1
                    274     0.7266844740855456                   0.35                    1.2                     -1
                    275      2.627491811163743                   0.35                    1.2                     -1
                    276       2.49652967047536                   0.35                    1.2                     -1
                    277      2.540558474332929                   0.35                    1.2                     -1
                    278     -1.626413401671986                   0.35                    1.2                     -1
                    279    -0.8827738993805663                   0.35                    1.2                     -1
                    280      1.789378744270132                   0.35                    1.2                     -1
                    281      0.455112084008201                   0.35                    1.2                     -1
                    282    -0.2173449373720793                   0.35                    1.2                     -1
                    283     -2.444597104695007                   0.35                    1.2                     -1
                    284       1.65302280437738                   0.35                    1.2                     -1
                    285     -1.255654282098338                   0.35                    1.2                     -1
                    286     -2.620528675003226                   0.35                    1.2                     -1
                    287    -0.8355015926019207                   0.35                    1.2                     -1
                    288     -0.522999326366838                   0.35                    1.2                     -1
                    289     -2.141099842802358                   0.35                    1.2                     -1
                    290    -0.9446712683685417                   0.35                    1.2                     -1
                    291     -2.625786510066018                   0.35                    1.2                     -1
                    292     -2.894482268234562                   0.35                    1.2                     -1
                    293       -2.5586490855395                   0.35                    1.2                     -1
                    294     -2.133019321358169                   0.35                    1.2                     -1
                    295      1.770014190990725                   0.35                    1.2                     -1
                    296     -2.834834477049371                   0.35                    1.2                     -1
                    297    -0.5085531747264582                   0.35                    1.2                     -1
                    298     -1.243668990902138                   0.35                    1.2                     -1
                    299      1.165070647426091                   0.35                    1.2                     -1
                    300     0.1634224401258617                   0.35                    1.2                     -1
                    301    -0.6214173907220273                   0.35                    1.2                     -1
                    302      1.391438955827347                   0.35                    1.2                     -1
                    303     -1.461907435018877                   0.35                    1.2                     -1
                    304      2.200193774354394                   0.35                    1.2                     -1
                    305     -2.982910329569151                   0.35                    1.2                     -1
                    306      2.436163389541651                   0.35                    1.2                     -1
                    307     -2.514543905407249                   0.35                    1.2                     -1
                    308          3.02908448219                   0.35                    1.2                     -1
                    309     -2.601599350957327                   0.35                    1.2                     -1
                    310     -2.191539743176937                   0.35                    1.2                     -1
                    311     -2.140462315909215                   0.35                    1.2                     -1
                    312      -1.13146596222062                   0.35                    1.2                     -1
                    313    -0.1162178496589434                   0.35                    1.2                     -1
                    314     -2.157575546365561                   0.35                    1.2                     -1
                    315      1.098702003692647                   0.35                    1.2                     -1
                    316     0.5547765226916699                   0.35                    1.2                     -1
                    317     -1.618468226931513                   0.35                    1.2                     -1
                    318      2.477462560797369                   0.35                    1.2                     -1
                    319       2.66801621644967                   0.35                    1.2                     -1
                    320      -2.73452785245646                   0.35                    1.2                     -1
                    321      2.278306378428962                   0.35                    1.2                     -1
                    322      2.196463696226667                   0.35                    1.2                     -1
                    323      1.447941280756869                   0.35                    1.2                     -1
                    324     0.5588845015433348                   0.35                    1.2                     -1
                    325     -1.370845237858743                   0.35                    1.2                     -1
                    326      3.104283093802496                   0.35                    1.2                     -1
                    327      2.741113997270828                   0.35                    1.2                     -1
                    328    -0.2756640148322607                   0.35                    1.2                     -1
                    329    0.05640478606226118                   0.35                    1.2                     -1
                    330    -0.8501797283887642                   0.35                    1.2                     -1
                    331    -0.4855161082478494                   0.35                    1.2                     -1
                    332    -0.9248048928056867                   0.35                    1.2                     -1
                    333      1.541865616715679                   0.35                    1.2                     -1
                    334     0.1655249300428272                   0.35                    1.2                     -1
                    335    -0.8218112532963011                   0.35                    1.2                     -1
                    336     -1.937059150121275                   0.35                    1.2                     -1
                    337     -1.768919641921845                   0.35                    1.2                     -1
                    338     -3.092559840335237                   0.35                    1.2                     -1
                    339      2.560589943994402                   0.35                    1.2                     -1
                    340      2.396991947023483                   0.35                    1.2                     -1
                    341      1.018684866308408                   0.35                    1.2                     -1
                    342    -0.6955152053501248                   0.35                    1.2                     -1
                    343    -0.3067718347639854                   0.35                    1.2                     -1
                    344     0.4204731284595216                   0.35                    1.2                     -1
                    345     0.7683238398253014                   0.35                    1.2                     -1
                    346   -0.01660481540774761                   0.35                    1.2                     -1
                    347      1.367128392709456                   0.35                    1.2                     -1
                    348      1.471035310253037                   0.35                    1.2                     -1
                    349      2.042895118389883                   0.35                    1.2                     -1
                    350      1.701797969111538                   0.35                    1.2                     -1
                    351       1.90534369115091                   0.35                    1.2                     -1
                    352     0.8292733148085265                   0.35                    1.2                     -1
                    353      1.683228692505293                   0.35                    1.2                     -1
                    354    -0.4978713679832065                   0.35                    1.2                     -1
                    355     -3.007321849237109                   0.35                    1.2                     -1
                    356      2.341478112179434                   0.35                    1.2                     -1
                    357     -2.603084947032117                   0.35                    1.2                     -1
                    358     -2.672612602272232                   0.35                    1.2                     -1
                    359     -2.709081317911334                   0.35                    1.2                     -1
                    360      2.997617943231188                   0.35                    1.2                     -1
                    361     -3.078990717011338                   0.35                    1.2                     -1
                    362      1.477597901955966                   0.35                    1.2                     -1
                    363      1.927009333879125                   0.35                    1.2                     -1
                    364     -1.512628998996412                   0.35                    1.2                     -1
                    365     -2.940294743295714                   0.35                    1.2                     -1
                    366      2.728997149392174                   0.35                    1.2                     -1
                    367    -0.7509281421322567                   0.35                    1.2                     -1
                    368    -0.8500420357997438                   0.35                    1.2                     -1
                    369     -1.664981230656156                   0.35                    1.2                     -1
                    370     -1.477556523847491                   0.35                    1.2                     -1
                    371     -1.801086583851949                   0.35                    1.2                     -1
                    372    -0.2163251627793743                   0.35                    1.2                     -1
                    373     0.7367948583884552                   0.35                    1.2                     -1
                    374   -0.02617873428873718                   0.35                    1.2                     -1
                    375     0.7236711104664089                   0.35                    1.2                     -1
                    376       1.29004541011231                   0.35                    1.2                     -1
                    377      2.179505462412446                   0.35                    1.2                     -1
                    378      2.962210290442023                   0.35                    1.2                     -1
                    379     -2.628724926597326                   0.35                    1.2                     -1
                    380      -1.38400665440975                   0.35                    1.2                     -1
                    381     -3.127858404127371                   0.35                    1.2                     -1
                    382    0.08976467078295158                   0.35                    1.2                     -1
                    383     -3.004936882748057                   0.35                    1.2                     -1
                    384      1.501525431190476                   0.35                    1.2                     -1
                    385     0.2996740902544364                   0.35                    1.2                     -1
                    386     -1.704154224763865                   0.35                    1.2                     -1
                    387     0.3603836436587864                   0.35                    1.2                     -1
                    388      2.451904085280167                   0.35                    1.2                     -1
                    389     -2.307604373443232                   0.35                    1.2                     -1
                    390     -2.125861557265171                   0.35                    1.2                     -1
                    391     -1.888681247535038                   0.35                    1.2                     -1
                    392      2.765918153150714                   0.35                    1.2                     -1
                    393      1.165692341898233                   0.35                    1.2                     -1
                    394    -0.3113594979653578                   0.35                    1.2                     -1
                    395      -1.52025633350176                   0.35                    1.2                     -1
                    396    -0.5064603727953574                   0.35                    1.2                     -1
                    397      2.020732750640452                   0.35                    1.2                     -1
                    398      2.297039449943993                   0.35                    1.2                     -1
                    399     -2.585827043078914                   0.35                    1.2                     -1
                    400      2.068331062107073                   0.35                    1.2                     -1
                    401     -2.665626202216073                   0.35                    1.2                     -1
                    402      2.260064752509432                   0.35                    1.2                     -1
                    403      1.823632561262048                   0.35                    1.2                     -1
                    404    -0.2833278594601873                   0.35                    1.2                     -1
                    405     0.9046245630117165                   0.35                    1.2                     -1
                    406      2.902228824333467                   0.35                    1.2                     -1
                    407      1.133074600029164                   0.35                    1.2                     -1
                    408    -0.7335721858037068                   0.35                    1.2                     -1
                    409     0.6835213878122506                   0.35                    1.2                     -1
                    410     0.7604603233239002                   0.35                    1.2                     -1
                    411    -0.9801619854178454                   0.35                    1.2                     -1
                    412     0.5635014651790273                   0.35                    1.2                     -1
                    413    -0.9881221377889822                   0.35                    1.2                     -1
                    414     -2.056984292696885                   0.35                    1.2                     -1
                    415     -2.358849196420711                   0.35                    1.2                     -1
                    416     0.9728629791385082                   0.35                    1.2                     -1
                    417    -0.7131852235310578                   0.35                    1.2                     -1
                    418     -2.691314014157799                   0.35                    1.2                     -1
                    419      2.951709900071027                   0.35                    1.2                     -1
                    420      1.299060302124103                   0.35                    1.2                     -1
                    421     -1.837845141962904                   0.35                    1.2                     -1
                    422     -1.474255692844898                   0.35                    1.2                     -1
                    423     -2.584164012406832                   0.35                    1.2                     -1
                    424       1.51737852527137                   0.35                    1.2                     -1
                    425     -3.028374566995968                   0.35                    1.2                     -1
                    426      2.335250974701663                   0.35                    1.2                     -1
                    427      2.579464770226319                   0.35                    1.2                     -1
                    428     -2.777443786131197                   0.35                    1.2                     -1
                    429    -0.8975130314841335                   0.35                    1.2                     -1
                    430     -1.579536912583057                   0.35                    1.2                     -1
                    431     0.3975444568774247                   0.35                    1.2                     -1
                    432   -0.07824186661806776                   0.35                    1.2                     -1
                    433     -1.103845404576832                   0.35                    1.2                     -1
                    434     -1.367253955191691                   0.35                    1.2                     -1
                    435      -1.83038983752312                   0.35                    1.2                     -1
                    436     -1.503598846326093                   0.35                    1.2                     -1
                    437       1.25582146399651                   0.35                    1.2                     -1
                    438     -1.923144886432324                   0.35                    1.2                     -1
                    439     0.9277647157520494                   0.35                    1.2                     -1
                    440    -0.1437833125076344                   0.35                    1.2                     -1
                    441     0.4392049482805405                   0.35                    1.2                     -1
                    442      2.310497935033204                   0.35                    1.2                     -1
                    443       2.99675505093701                   0.35                    1.2                     -1
                    444    -0.8835294261526281                   0.35                    1.2                     -1
                    445     -1.806069058540411                   0.35                    1.2                     -1
                    446    0.08417332100079022                   0.35                    1.2                     -1
                    447     0.7324242709317481                   0.35                    1.2                     -1
                    448    -0.4268360995123603                   0.35                    1.2                     -1
                    449    -0.3123098437503602                   0.35                    1.2                     -1
                    450     0.4282529576756362                   0.35                    1.2                     -1
                    451      1.128139044805085                   0.35                    1.2                     -1
                    452      2.280947376637138                   0.35                    1.2                     -1
                    453       1.68518561321202                   0.35                    1.2                     -1
                    454    -0.1840733680815085                   0.35                    1.2                     -1
                    455     -1.129770289863525                   0.35                    1.2                     -1
                    456     0.3797135067616022                   0.35                    1.2                     -1
                    457      1.806763156929716                   0.35                    1.2                     -1
                    458     -2.191831000329235                   0.35                    1.2                     -1
                    459      2.535906440334451                   0.35                    1.2                     -1
                    460     -2.755100573343308                   0.35                    1.2                     -1
                    461      -1.20033097482142                   0.35                    1.2                     -1
                    462     0.5670537531277748                   0.35                    1.2                     -1
                    463     0.0457148787848034                   0.35                    1.2                     -1
                    464     -1.032353405192381                   0.35                    1.2                     -1
                    465      1.123262165214189                   0.35                    1.2                     -1
                    466     0.3257519651905483                   0.35                    1.2                     -1
                    467      2.220779509865407                   0.35                    1.2                     -1
